# Lon        | Lat          | Moho Depth   | X   | Station    | Min Err      | Mean Err     | Variance     | Score 
-1.741975e+02  +5.220160e+01  +4.243575e+01  0134     AK-ATKA-  +2.068331e-01  -8.329854e+00  +1.109793e+01  +1.100000e+00
-1.717035e+02  +6.377580e+01  +3.332360e+01  0388     AK-GAMB-  +2.389046e-03  -9.374609e-01  +3.285921e+00  +2.100000e+00
-1.702477e+02  +5.717660e+01  +2.923481e+01  0105     AK-SPIA-  +3.337693e-03  +3.308831e+00  +7.032778e+00  +1.100000e+00
-1.688550e+02  +5.297210e+01  +1.965537e+01  0110     AK-NIKH-  +1.692840e+00  +1.456904e+01  +6.104917e+00  +1.100000e+00
-1.681619e+02  +5.335650e+01  +2.596379e+01  0027     AV-OKSO-  +6.209082e-01  +7.875593e+00  +4.945163e+00  +1.100000e+00
-1.679264e+02  +6.556010e+01  +3.285631e+01  0387      AK-TNA-  +6.783994e-03  +9.629958e-01  +4.263151e+00  +1.100000e+00
-1.669407e+02  +5.380820e+01  +3.729556e+01  0013     AV-MAPS-  +3.277224e-01  -4.192526e+00  +3.955131e+00  +2.100000e+00
-1.668780e+02  +5.379380e+01  +4.044977e+01  0013   AV-MGOD-00  +6.979820e-01  -7.431665e+00  +3.933200e+00  +2.100000e+00
-1.665040e+02  +5.384560e+01  +3.460865e+01  0133      AK-UNV-  +7.031314e-04  -1.582903e+00  +3.690812e+00  +2.100000e+00
-1.663288e+02  +6.547420e+01  +3.179389e+01  0045     TA-F14K-  +3.347149e-01  +1.555923e+00  +3.868258e+00  +2.100000e+00
-1.662011e+02  +6.038490e+01  +3.408397e+01  0017     TA-M11K-  +4.027950e-02  -2.185475e+00  +4.105199e+00  +1.100000e+00
-1.660708e+02  +5.412920e+01  +3.671145e+01  0069     AV-AKRB-  +2.378713e-01  -4.835733e+00  +3.586248e+00  +2.100000e+00
-1.659936e+02  +5.419790e+01  +3.442620e+01  0025     AV-AKGG-  +5.650442e-03  -2.229737e+00  +3.707013e+00  +2.100000e+00
-1.659576e+02  +5.416180e+01  +3.098715e+01  0037     AV-AKLV-  +7.415232e-03  +1.635304e+00  +4.272309e+00  +1.100000e+00
-1.659338e+02  +5.409750e+01  +3.192173e+01  0011     AV-AKBB-  +6.488855e-02  +6.947154e-01  +3.619111e+00  +2.100000e+00
-1.657719e+02  +5.413517e+01  +4.009930e+01  0033     AT-AKUT-  +2.763167e+00  -8.610526e+00  +3.565359e+00  +1.100000e+00
-1.653732e+02  +6.456460e+01  +3.308995e+01  0139      AK-ANM-  +3.133201e-04  -1.368086e-01  +3.075595e+00  +2.100000e+00
-1.653436e+02  +6.827460e+01  +5.377863e+01  0025     TA-C16K-  +9.394455e-01  -1.390128e+01  +5.361762e+00  +1.100000e+00
-1.653383e+02  +6.456950e+01  +3.285631e+01  0075    XR-NOM-01  +1.518425e-03  +1.824457e-01  +3.076089e+00  +2.100000e+00
-1.646555e+02  +6.193310e+01  +2.828244e+01  0033     TA-K13K-  +4.201153e+00  +6.265280e+00  +4.055050e+00  +1.000000e-01
-1.646483e+02  +6.570770e+01  +3.118321e+01  0048     TA-F15K-  +7.586608e-02  +2.261240e+00  +3.261962e+00  +2.100000e+00
-1.640386e+02  +6.499410e+01  +3.454198e+01  0037     TA-G15K-  +1.148786e-03  -1.166241e+00  +3.062130e+00  +2.100000e+00
-1.635540e+02  +6.274920e+01  +3.576336e+01  0057     TA-J14K-  +6.981317e-03  -2.582155e+00  +3.316381e+00  +2.100000e+00
-1.634175e+02  +5.485640e+01  +2.397780e+01  0102     AK-FALS-  +9.254955e-02  +9.336134e+00  +7.471507e+00  +1.100000e+00
-1.631776e+02  +6.847530e+01  +5.270992e+01  0013     TA-C17K-  +4.978041e+00  -1.274834e+01  +4.167663e+00  +1.000000e-01
-1.630831e+02  +6.769880e+01  +3.500000e+01  0018     TA-D17K-  +7.841520e-02  +3.544474e+00  +3.927399e+00  +2.100000e+00
-1.629080e+02  +6.805410e+01  +4.208528e+01  0145     AK-RDOG-  +3.016888e-03  -3.058145e+00  +4.064746e+00  +1.100000e+00
-1.626829e+02  +6.134160e+01  +3.729008e+01  0046     TA-L14K-  +7.321705e-01  -6.512567e+00  +4.057511e+00  +1.100000e+00
-1.623547e+02  +6.539360e+01  +3.316794e+01  0047     TA-G16K-  +1.261652e-02  +1.167071e+00  +3.147566e+00  +2.100000e+00
-1.622390e+02  +6.463790e+01  +3.545802e+01  0041     TA-H16K-  +2.687808e-03  -6.210282e-01  +3.169192e+00  +2.100000e+00
-1.619600e+02  +6.075150e+01  +2.278626e+01  0026     TA-M14K-  +8.343934e+00  +1.358082e+01  +4.166971e+00  +1.000000e-01
-1.618262e+02  +6.708200e+01  +2.461832e+01  0038     TA-E17K-  +7.274053e+00  +1.161574e+01  +4.255924e+00  +1.000000e-01
-1.618016e+02  +6.936410e+01  +2.461832e+01  0010     TA-B18K-  +1.299880e+01  +1.823413e+01  +4.997227e+00  +1.000000e-01
-1.616852e+02  +5.992370e+01  +4.202290e+01  0025     TA-N14K-  +2.268043e+00  -7.584199e+00  +3.245111e+00  +1.100000e+00
-1.615308e+02  +6.229380e+01  +3.835878e+01  0045     TA-K15K-  +1.061491e+00  -4.631079e+00  +3.421829e+00  +2.100000e+00
-1.614869e+02  +6.167800e+01  +2.904580e+01  0050     TA-L15K-  +3.885411e+00  +6.399239e+00  +3.974834e+00  +1.100000e+00
-1.612778e+02  +6.540150e+01  +3.449182e+01  0105    XR-GTM-01  +8.445432e-03  +7.555954e-01  +3.170919e+00  +2.100000e+00
-1.612638e+02  +5.925330e+01  +4.003817e+01  0038     TA-O14K-  +2.214227e-02  -2.459603e+00  +3.919713e+00  +2.100000e+00
-1.612502e+02  +6.644200e+01  +3.500000e+01  0031     TA-F17K-  +7.816595e-03  -9.776076e-01  +3.509354e+00  +2.100000e+00
-1.611943e+02  +6.864830e+01  +4.889313e+01  0024     TA-C18K-  +2.083710e+00  -8.624135e+00  +4.897425e+00  +1.000000e-01
-1.610713e+02  +7.020430e+01  +3.606870e+01  0001     TA-A19K-  +1.013168e-02  +2.809393e+00  +7.179999e+00  +1.100000e+00
-1.606950e+02  +6.388640e+01  +3.347328e+01  0048     TA-I17K-  +1.760852e+00  +3.525976e+00  +3.597649e+00  +2.100000e+00
-1.606884e+02  +6.069470e+01  +3.454198e+01  0047     TA-M15K-  +9.278035e-03  +4.587502e-01  +3.553930e+00  +2.100000e+00
-1.606514e+02  +6.550110e+01  +3.469466e+01  0045     TA-G17K-  +3.118733e-02  +1.169624e+00  +3.220234e+00  +2.100000e+00
-1.606027e+02  +6.742130e+01  +3.179389e+01  0040     TA-E18K-  +5.337143e-02  +4.614795e+00  +3.862540e+00  +2.100000e+00
-1.606021e+02  +6.328420e+01  +4.171756e+01  0048     TA-J16K-  +4.226811e+00  -7.036988e+00  +3.214157e+00  +1.100000e+00
-1.600921e+02  +6.016860e+01  +4.049618e+01  0046     TA-N15K-  +1.346611e+00  -4.413679e+00  +3.653126e+00  +2.100000e+00
-1.599126e+02  +6.493700e+01  +4.232824e+01  0049     TA-H17K-  +2.551391e-01  -6.164301e+00  +3.515981e+00  +2.100000e+00
-1.598246e+02  +5.917670e+01  +3.973282e+01  0033     TA-O15K-  +5.949865e-02  -3.545303e+00  +3.700149e+00  +2.100000e+00
-1.596514e+02  +6.660010e+01  +3.973282e+01  0008     TA-F18K-  +1.377447e+00  -4.877987e+00  +3.385354e+00  +2.100000e+00
-1.595895e+02  +5.483100e+01  +2.094042e+01  0018      AK-CHN-  +7.445466e-01  +1.312613e+01  +4.781994e+00  +1.100000e+00
-1.595874e+02  +6.910490e+01  +4.583969e+01  0017     TA-C19K-  +6.444757e-02  -4.078022e+00  +5.163567e+00  +1.100000e+00
-1.594747e+02  +6.171050e+01  +3.652672e+01  0053     TA-L16K-  +9.094691e-04  -1.277329e+00  +3.307920e+00  +2.100000e+00
-1.590777e+02  +6.339650e+01  +3.148855e+01  0022     TA-J17K-  +2.003901e+00  +5.097919e+00  +3.358107e+00  +1.100000e+00
-1.589593e+02  +6.102240e+01  +4.003817e+01  0043     TA-M16K-  +1.181786e+00  -4.945624e+00  +3.279238e+00  +2.100000e+00
-1.587690e+02  +6.047420e+01  +3.805344e+01  0047     TA-N16K-  +4.290958e-03  -1.296769e+00  +3.735797e+00  +2.100000e+00
-1.586540e+02  +6.589500e+01  +3.515267e+01  0041     TA-G18K-  +4.067602e-01  +2.139842e+00  +3.452733e+00  +2.100000e+00
-1.584142e+02  +5.630140e+01  +4.044977e+01  0066     AT-CHGN-  +3.966490e+00  -9.487442e+00  +2.944841e+00  +1.100000e+00
-1.583633e+02  +6.515270e+01  +4.339695e+01  0043     TA-H18K-  +2.602728e+00  -6.340301e+00  +3.502329e+00  +1.100000e+00
-1.583014e+02  +6.271610e+01  +3.545802e+01  0045     TA-K17K-  +2.853799e-03  -4.059862e-01  +3.204873e+00  +2.100000e+00
-1.582972e+02  +6.213440e+01  +3.576336e+01  0048     TA-L17K-  +5.111603e-03  -7.598479e-01  +3.196646e+00  +2.100000e+00
-1.581151e+02  +6.849460e+01  +4.522901e+01  0024     TA-D19K-  +1.448665e-02  -1.799287e+00  +4.489350e+00  +1.100000e+00
-1.580932e+02  +5.959380e+01  +3.698473e+01  0048     TA-O16K-  +9.227755e-03  -8.740114e-01  +3.301584e+00  +2.100000e+00
-1.579906e+02  +5.903140e+01  +2.596379e+01  0012     TA-P16K-  +8.275449e+00  +1.148982e+01  +3.530845e+00  +1.000000e-01
-1.577728e+02  +6.683320e+01  +3.545802e+01  0042     TA-F19K-  +1.974845e-02  +1.121094e+00  +3.573898e+00  +2.100000e+00
-1.574375e+02  +6.140090e+01  +3.133588e+01  0048     TA-M17K-  +9.120621e-01  +3.632908e+00  +3.445689e+00  +2.100000e+00
-1.572316e+02  +6.745720e+01  +3.652672e+01  0044     TA-E19K-  +1.038370e-02  +1.806623e+00  +3.833710e+00  +2.100000e+00
-1.571867e+02  +6.052690e+01  +3.332061e+01  0051     TA-N17K-  +4.968339e-01  +2.568557e+00  +3.216036e+00  +2.100000e+00
-1.571599e+02  +7.000790e+01  +3.255725e+01  0002     TA-B20K-  +8.297515e-02  +8.768650e+00  +4.423740e+00  +1.100000e+00
-1.570946e+02  +5.977330e+01  +3.729008e+01  0051     TA-O17K-  +9.064249e-03  -7.976703e-01  +3.631008e+00  +2.100000e+00
-1.570870e+02  +6.614340e+01  +3.774809e+01  0050     TA-G19K-  +1.057513e-02  -1.696033e+00  +3.417112e+00  +2.100000e+00
-1.568792e+02  +6.474610e+01  +3.928154e+01  0028     AK-GCSA-  +2.424833e-01  -2.699494e+00  +3.469976e+00  +2.100000e+00
-1.567154e+02  +6.346500e+01  +3.515267e+01  0052     TA-J18K-  +2.011615e-02  +4.587022e-01  +3.243760e+00  +2.100000e+00
-1.566886e+02  +6.221950e+01  +3.225191e+01  0040     TA-L18K-  +2.278970e-01  +2.391190e+00  +3.491325e+00  +2.100000e+00
-1.566556e+02  +5.867740e+01  +4.232824e+01  0020     TA-Q16K-  +5.476952e+00  -9.534454e+00  +4.263767e+00  +1.000000e-01
-1.566175e+02  +7.132210e+01  +3.316794e+01  0011     TA-A21K-  +1.014996e-01  +2.298035e+00  +8.535664e+00  +1.100000e+00
-1.566132e+02  +6.871320e+01  +5.255725e+01  0026     TA-D20K-  +4.040615e+00  -8.996473e+00  +5.301363e+00  +1.000000e-01
-1.564494e+02  +6.552760e+01  +3.606870e+01  0052     TA-H19K-  +1.482529e-02  +6.483253e-01  +3.341951e+00  +2.100000e+00
-1.564394e+02  +5.919530e+01  +4.339695e+01  0023     TA-P17K-  +2.604652e+00  -8.298537e+00  +3.329725e+00  +1.100000e+00
-1.563872e+02  +5.763970e+01  +2.797710e+01  0016     TA-R17K-  +1.504530e-01  +4.806795e+00  +4.619122e+00  +1.100000e+00
-1.561885e+02  +6.825750e+01  +4.965649e+01  0034     TA-E20K-  +5.124635e-01  -6.173638e+00  +5.375348e+00  +1.100000e+00
-1.560116e+02  +6.293010e+01  +3.694509e+01  0092      AT-TTA-  +4.145225e-02  -1.900075e+00  +3.327081e+00  +2.100000e+00
-1.558897e+02  +6.068010e+01  +3.301527e+01  0049     TA-N18K-  +9.843624e-01  +2.681615e+00  +3.263148e+00  +2.100000e+00
-1.558865e+02  +5.826370e+01  +2.187023e+01  0032     TA-Q17K-  +3.638078e+00  +1.234305e+01  +4.121390e+00  +1.000000e-01
-1.558242e+02  +6.149070e+01  +2.843511e+01  0037     TA-M18K-  +5.704572e+00  +6.978544e+00  +3.973032e+00  +1.100000e+00
-1.557251e+02  +6.704860e+01  +2.675573e+01  0041     TA-F20K-  +9.475972e+00  +1.356579e+01  +3.009527e+00  +1.000000e-01
-1.556225e+02  +5.582180e+01  +3.367406e+01  0011      AK-CHI-  +1.956468e-02  -6.952981e-01  +4.543181e+00  +1.100000e+00
-1.556217e+02  +6.110820e+01  +3.682827e+01  0202     AT-SVW2-  +1.146796e-01  -3.024469e+00  +3.564024e+00  +2.100000e+00
-1.556214e+02  +6.399400e+01  +3.576336e+01  0057     TA-J19K-  +7.679333e-03  +6.167630e-02  +3.250608e+00  +2.100000e+00
-1.554660e+02  +6.474000e+01  +3.425818e+01  0067    XR-RBY-01  +2.989268e-02  +1.842392e+00  +3.293968e+00  +2.100000e+00
-1.552843e+02  +5.827020e+01  +3.717874e+01  0079     AV-KABU-  +7.062675e-01  -4.636730e+00  +3.593496e+00  +2.100000e+00
-1.552292e+02  +5.939220e+01  +3.805344e+01  0043     TA-P18K-  +8.743336e-02  -2.517424e+00  +3.515937e+00  +2.100000e+00
-1.552080e+02  +5.985420e+01  +4.003817e+01  0044     TA-O18K-  +6.514935e-02  -4.326271e+00  +3.429690e+00  +2.100000e+00
-1.550632e+02  +5.829630e+01  +2.666472e+01  0049     AV-KAKN-  +3.351524e+00  +7.733601e+00  +3.386931e+00  +1.000000e-01
-1.550086e+02  +5.864840e+01  +3.377863e+01  0032     TA-Q18K-  +1.354260e-02  -3.046598e-01  +3.483688e+00  +2.100000e+00
-1.549742e+02  +7.100330e+01  +4.843512e+01  0003     TA-A22K-  +4.376254e-01  -1.467697e+01  +5.999812e+00  +1.100000e+00
-1.548808e+02  +6.549240e+01  +3.454198e+01  0053     TA-H20K-  +3.706146e-02  +1.121170e+00  +3.256381e+00  +2.100000e+00
-1.548543e+02  +6.218160e+01  +3.571145e+01  0080     TA-L19K-  +1.359605e-03  +6.541499e-01  +3.434862e+00  +2.100000e+00
-1.547833e+02  +6.915650e+01  +4.965649e+01  0014     TA-C21K-  +1.240855e+00  -5.712824e+00  +4.483598e+00  +1.100000e+00
-1.546128e+02  +6.962110e+01  +3.805344e+01  0001     TA-B21K-  +2.047980e-02  +5.590304e+00  +4.574733e+00  +1.100000e+00
-1.544838e+02  +6.081320e+01  +3.515267e+01  0045     TA-N19K-  +2.096253e-03  +1.342285e+00  +3.424249e+00  +2.100000e+00
-1.544783e+02  +6.479620e+01  +3.408397e+01  0004     TA-I20K-  +4.869831e-02  +1.136024e+00  +3.279213e+00  +2.100000e+00
-1.544524e+02  +5.756650e+01  +4.248092e+01  0012     TA-R18K-  +5.204203e-01  -8.370568e+00  +3.861868e+00  +2.100000e+00
-1.543915e+02  +6.190370e+01  +4.248092e+01  0045     TA-M19K-  +3.419713e+00  -7.189696e+00  +3.232113e+00  +1.100000e+00
-1.543201e+02  +6.019520e+01  +3.805344e+01  0045     TA-O19K-  +3.300907e-03  -2.488490e+00  +3.462858e+00  +2.100000e+00
-1.541842e+02  +5.655930e+01  +3.390771e+01  0038      AK-SII-  +3.670909e-03  +2.267976e+00  +4.266826e+00  +1.100000e+00
-1.541467e+02  +6.417670e+01  +3.713741e+01  0053     TA-J20K-  +4.131313e-01  -2.980651e+00  +3.397140e+00  +2.100000e+00
-1.540700e+02  +6.335690e+01  +3.448105e+01  0087     TA-K20K-  +6.598010e-03  +1.110051e+00  +3.499422e+00  +2.100000e+00
-1.539721e+02  +6.844140e+01  +5.087786e+01  0021     TA-E21K-  +3.624447e-01  -5.727978e+00  +5.808883e+00  +1.100000e+00
-1.538798e+02  +6.247870e+01  +3.445802e+01  0082     TA-L20K-  +6.636684e-01  +2.814766e+00  +3.692954e+00  +2.100000e+00
-1.536446e+02  +5.892870e+01  +2.874046e+01  0008     TA-Q19K-  +2.346257e-02  +5.153695e+00  +3.991211e+00  +2.100000e+00
-1.535058e+02  +6.651560e+01  +4.003817e+01  0038     TA-G21K-  +9.620471e-02  -2.869159e+00  +3.576641e+00  +2.100000e+00
-1.534830e+02  +6.722210e+01  +4.309160e+01  0045     TA-F21K-  +4.008024e-03  -2.210159e+00  +5.063591e+00  +1.100000e+00
-1.534447e+02  +5.936260e+01  +2.993575e+01  0009     AV-AUCH-  +2.624506e-02  +1.979188e+00  +4.768566e+00  +1.100000e+00
-1.534227e+02  +5.933950e+01  +2.070678e+01  0024     AV-AUJA-  +5.097194e+00  +1.227424e+01  +4.721043e+00  +1.000000e-01
-1.534196e+02  +7.034000e+01  +2.767176e+01  0001     TA-B22K-  +6.881688e+00  +1.245444e+01  +4.842329e+00  +1.000000e-01
-1.533573e+02  +5.933702e+01  +2.316005e+01  0013     AV-AU22-  +2.306197e+00  +9.587896e+00  +4.798280e+00  +1.000000e-01
-1.532875e+02  +5.722250e+01  +3.542640e+01  0204     AT-OHAK-  +9.362082e-02  +3.041298e+00  +4.468300e+00  +1.100000e+00
-1.532319e+02  +5.965240e+01  +2.812977e+01  0012     TA-P19K-  +1.244698e-01  +5.478779e+00  +3.949579e+00  +2.100000e+00
-1.531318e+02  +6.188230e+01  +3.896947e+01  0047     TA-M20K-  +4.857037e-01  -2.756113e+00  +3.519887e+00  +2.100000e+00
-1.529293e+02  +6.056210e+01  +4.196846e+01  0010    AV-NCT-00  +1.599816e+00  -4.624010e+00  +3.427458e+00  +2.100000e+00
-1.528425e+02  +6.048750e+01  +4.185164e+01  0010     AV-RDWB-  +1.761177e+00  -4.515483e+00  +3.439289e+00  +2.100000e+00
-1.528058e+02  +6.059050e+01  +4.115070e+01  0068     AV-RDJH-  +4.696572e-01  -3.584249e+00  +3.463017e+00  +2.100000e+00
-1.528050e+02  +6.565710e+01  +3.393130e+01  0052     TA-H21K-  +9.105131e-03  +8.523476e-01  +3.263224e+00  +2.100000e+00
-1.527742e+02  +6.041960e+01  +3.893107e+01  0023    AV-RED-00  +2.161179e-04  -1.477866e+00  +3.478059e+00  +2.100000e+00
-1.527430e+02  +6.045360e+01  +4.009930e+01  0010     AV-RDSO-  +1.305765e-02  -2.592996e+00  +3.479926e+00  +2.100000e+00
-1.526883e+02  +6.059120e+01  +3.507594e+01  0021     AV-RDDF-  +4.773405e-01  +3.059774e+00  +3.601627e+00  +2.100000e+00
-1.526821e+02  +6.887990e+01  +5.118321e+01  0028     TA-D22K-  +2.674297e-01  -6.834861e+00  +5.539308e+00  +1.100000e+00
-1.526240e+02  +6.008150e+01  +3.636098e+01  0020     TA-O20K-  +9.673380e-05  -3.926843e-01  +3.592396e+00  +2.100000e+00
-1.525835e+02  +5.778280e+01  +4.009930e+01  0418   II-KDAK-10  +6.955811e-03  -6.566510e-01  +4.957261e+00  +1.100000e+00
-1.523942e+02  +5.860970e+01  +5.545802e+01  0026     TA-Q20K-  +1.886032e+01  -2.187150e+01  +3.677459e+00  +1.000000e-01
-1.523722e+02  +6.125910e+01  +2.444509e+01  0078     AV-SPBG-  +1.219498e+01  +1.382923e+01  +3.500181e+00  +1.000000e-01
-1.523172e+02  +6.388220e+01  +2.970210e+01  0147     AK-CHUM-  +1.413951e+00  +4.578271e+00  +4.000829e+00  +2.100000e+00
-1.522091e+02  +6.120030e+01  +3.974883e+01  0048     AV-SPCR-  +1.168716e-01  -2.933759e+00  +3.417929e+00  +2.100000e+00
-1.522089e+02  +6.120010e+01  +4.339695e+01  0039     TA-N20K-  +3.977022e+00  -6.996547e+00  +3.471963e+00  +1.100000e+00
-1.521894e+02  +6.289620e+01  +4.500584e+01  0250     AK-PPLA-  +7.777165e+00  -1.006226e+01  +3.260377e+00  +1.100000e+00
-1.521790e+02  +6.750760e+01  +4.996183e+01  0035     TA-F22K-  +4.464490e+00  -8.697413e+00  +4.900545e+00  +1.000000e-01
-1.520844e+02  +6.341880e+01  +3.414135e+01  0151     AK-CAST-  +1.546352e-02  +1.162596e+00  +3.265115e+00  +2.100000e+00
-1.520228e+02  +6.129130e+01  +3.507594e+01  0036     AV-SPCG-  +2.350319e-01  +2.194570e+00  +3.452344e+00  +2.100000e+00
-1.519822e+02  +6.518000e+01  +3.075727e+01  0078     TA-I21K-  +1.038009e+00  +2.879511e+00  +3.925284e+00  +2.100000e+00
-1.518132e+02  +6.813430e+01  +4.599237e+01  0045     TA-E22K-  +2.551627e-02  -1.265497e+00  +5.080633e+00  +1.100000e+00
-1.516515e+02  +5.965720e+01  +2.374416e+01  0076      AK-HOM-  +1.217359e+01  +1.571985e+01  +3.893054e+00  +1.000000e-01
-1.515317e+02  +6.198000e+01  +3.215537e+01  0075      AK-SKN-  +5.462862e-01  +4.463356e+00  +3.694046e+00  +2.100000e+00
-1.515073e+02  +6.692140e+01  +3.866412e+01  0036     TA-G22K-  +2.846774e-03  -1.361767e-02  +3.643869e+00  +2.100000e+00
-1.513773e+02  +6.589370e+01  +3.469466e+01  0050     TA-H22K-  +1.684089e-03  -2.692348e-01  +3.222513e+00  +2.100000e+00
-1.509873e+02  +6.409970e+01  +3.005257e+01  0421     AK-BPAW-  +1.290495e-01  +3.108158e+00  +3.489980e+00  +2.100000e+00
-1.509233e+02  +6.355270e+01  +3.157126e+01  0333      AK-KTH-  +2.522805e+00  +4.067601e+00  +3.196676e+00  +1.100000e+00
-1.509063e+02  +5.975110e+01  +5.330023e+01  0176     AK-BRLK-  +1.067982e+01  -1.670458e+01  +3.933617e+00  +1.000000e-01
-1.508543e+02  +6.346211e+01  +3.495911e+01  0060    XE-WON-01  +3.510773e-02  +8.226686e-01  +3.216103e+00  +2.100000e+00
-1.508039e+02  +6.252771e+01  +3.203855e+01  0049    XE-PVW-01  +3.211235e+00  +5.147442e+00  +3.370108e+00  +1.100000e+00
-1.507467e+02  +6.146360e+01  +3.040304e+01  0143      AK-SSN-  +2.400060e+00  +8.839450e+00  +3.872106e+00  +1.000000e-01
-1.507442e+02  +6.503040e+01  +3.332360e+01  0192      AK-MLY-  +6.944377e-03  -1.229047e+00  +3.453683e+00  +2.100000e+00
-1.507414e+02  +5.974170e+01  +3.437500e+01  0030     AK-BRSE-  +2.265319e+00  +6.615379e+00  +4.814005e+00  +1.000000e-01
-1.506807e+02  +6.896560e+01  +4.935115e+01  0032     TA-D23K-  +1.862895e+00  -7.139969e+00  +5.035520e+00  +1.100000e+00
-1.506710e+02  +6.671920e+01  +3.484229e+01  0109    XR-GBN-01  +1.426898e-01  +2.350715e+00  +3.349281e+00  +2.100000e+00
-1.504617e+02  +6.048320e+01  +5.633762e+01  0031     YV-LSKI-  +1.663275e+00  -1.403806e+01  +5.772279e+00  +1.100000e+00
-1.502893e+02  +6.345020e+01  +4.033294e+01  0268      AK-TRF-  +1.356543e+00  -4.337472e+00  +3.231896e+00  +2.100000e+00
-1.502635e+02  +6.620660e+01  +3.472547e+01  0072    XR-CBM-01  +1.191706e-02  -5.651654e-02  +3.219229e+00  +2.100000e+00
-1.502625e+02  +6.240580e+01  +3.519276e+01  0028      AK-CUT-  +2.273571e-02  +1.802454e+00  +3.438582e+00  +2.100000e+00
-1.502318e+02  +6.268925e+01  +4.196846e+01  0129    XE-BYR-01  +3.428425e+00  -5.157728e+00  +3.306506e+00  +1.100000e+00
-1.502231e+02  +6.051170e+01  +5.201519e+01  0106      AK-SLK-  +7.621743e-01  -9.103229e+00  +6.003284e+00  +1.100000e+00
-1.502039e+02  +6.256044e+01  +3.530958e+01  0021   XE-WOLF-01  +4.652496e-01  +1.898034e+00  +3.360120e+00  +2.100000e+00
-1.502038e+02  +6.722690e+01  +3.659463e+01  0461     AK-COLD-  +9.964172e-02  +2.477332e+00  +3.565637e+00  +2.100000e+00
-1.501999e+02  +6.346859e+01  +3.484229e+01  0024    XE-SBL-01  +5.622183e-01  +1.816105e+00  +3.371120e+00  +2.100000e+00
-1.501900e+02  +6.046010e+01  +4.862734e+01  0043     YV-USKI-  +1.225457e-01  -5.515224e+00  +6.103989e+00  +1.100000e+00
-1.501100e+02  +6.738120e+01  +3.998248e+01  0102    XR-WSM-01  +1.252000e-03  -4.619092e-01  +3.666213e+00  +2.100000e+00
-1.500609e+02  +6.214996e+01  +3.145444e+01  0121   XE-TLKY-01  +3.673645e+00  +6.639347e+00  +3.556719e+00  +1.100000e+00
-1.500316e+02  +6.048810e+01  +4.745911e+01  0079     YV-RUSS-  +1.934054e-03  -4.304642e+00  +6.029944e+00  +1.100000e+00
-1.500294e+02  +6.169540e+01  +2.724883e+01  0079     YV-NANC-  +9.415118e+00  +1.334421e+01  +4.011564e+00  +1.000000e-01
-1.500239e+02  +6.671080e+01  +3.515267e+01  0049     TA-G23K-  +9.211791e-03  +1.375963e+00  +3.317625e+00  +2.100000e+00
-1.499307e+02  +6.476530e+01  +2.865070e+01  0030     XV-F8KN-  +1.115443e+00  +3.366621e+00  +3.938592e+00  +2.100000e+00
-1.498648e+02  +6.286026e+01  +3.904790e+01  0052    XE-MHR-01  +7.843840e-03  -1.371303e+00  +3.413343e+00  +2.100000e+00
-1.498256e+02  +6.485370e+01  +3.227220e+01  0018     XV-F7TV-  +3.097187e-02  -5.608106e-01  +3.444250e+00  +2.100000e+00
-1.498236e+02  +6.785160e+01  +4.220210e+01  0066    XR-BMQ-01  +5.022955e-03  -4.221863e-01  +4.170198e+00  +1.100000e+00
-1.498174e+02  +6.159190e+01  +5.575350e+01  0017     YV-BIGB-  +1.323838e+01  -1.675283e+01  +4.586597e+00  +1.000000e-01
-1.497814e+02  +6.355808e+01  +4.278621e+01  0034    XE-EFS-01  +1.250192e+00  -6.597140e+00  +3.398100e+00  +2.100000e+00
-1.497697e+02  +5.983510e+01  +3.787967e+01  0022     YV-HOLG-  +1.927347e-02  +3.822765e+00  +4.579383e+00  +1.100000e+00
-1.497390e+02  +6.108890e+01  +2.771612e+01  0396     AK-RC01-  +9.003829e+00  +1.635971e+01  +5.725978e+00  +1.000000e-01
-1.497241e+02  +6.048140e+01  +4.568702e+01  0012     TA-O22K-  +4.630180e-02  -2.726737e+00  +4.991017e+00  +1.100000e+00
-1.497117e+02  +6.290935e+01  +4.220210e+01  0011    XE-PYY-01  +2.228410e+00  -4.610027e+00  +3.391906e+00  +1.100000e+00
-1.496163e+02  +6.805840e+01  +4.156488e+01  0046     TA-E23K-  +8.134468e-04  +7.461158e-01  +4.282806e+00  +1.100000e+00
-1.496064e+02  +6.299908e+01  +3.706192e+01  0126   XE-HURN-01  +1.603419e-03  +1.037826e+00  +3.567780e+00  +2.100000e+00
-1.495977e+02  +6.087380e+01  +5.820678e+01  0068     YV-HOPE-  +9.279719e+00  -1.592981e+01  +5.651085e+00  +1.000000e-01
-1.495941e+02  +6.055080e+01  +5.108061e+01  0088     YV-DEVL-  +4.218600e+00  -8.597418e+00  +5.548306e+00  +1.000000e-01
-1.495900e+02  +6.862740e+01  +4.792640e+01  0099    XR-TFS-01  +1.151979e-01  -6.055388e+00  +4.952714e+00  +1.100000e+00
-1.495817e+02  +6.807890e+01  +5.131425e+01  0090    XR-CHS-01  +7.217197e+00  -1.015228e+01  +4.772632e+00  +1.000000e-01
-1.495724e+02  +6.864080e+01  +4.769276e+01  0205      TA-TOLK  +6.452969e-02  -5.848764e+00  +4.951793e+00  +1.100000e+00
-1.495454e+02  +6.134270e+01  +4.769276e+01  0054     YV-MCDC-  +4.522230e-02  -5.667620e+00  +5.466733e+00  +1.100000e+00
-1.495432e+02  +6.582510e+01  +3.199720e+01  0070     TA-H23K-  +9.655491e-02  +1.532834e+00  +3.208253e+00  +2.100000e+00
-1.495429e+02  +6.582500e+01  +3.180491e+01  0070    XR-YRT-01  +2.454999e-01  +1.765241e+00  +3.206991e+00  +2.100000e+00
-1.495397e+02  +6.124480e+01  +5.376752e+01  0082     YV-ALPI-  +4.707562e+00  -1.183241e+01  +5.405446e+00  +1.000000e-01
-1.494979e+02  +6.100100e+01  +6.030958e+01  0045     YV-INDI-  +1.177573e+01  -1.808704e+01  +5.504453e+00  +1.000000e-01
-1.494810e+02  +6.067170e+01  +4.722547e+01  0055     YV-LSUM-  +2.153835e-03  -4.552615e+00  +5.639543e+00  +1.100000e+00
-1.494526e+02  +6.010430e+01  +5.189836e+01  0077      AK-SWD-  +7.685912e+00  -1.133740e+01  +4.847479e+00  +1.000000e-01
-1.494255e+02  +6.077600e+01  +4.196846e+01  0064     YV-HOPJ-  +4.959160e-02  +1.223265e+00  +5.114995e+00  +1.100000e+00
-1.494095e+02  +6.000840e+01  +4.278621e+01  0059     YV-HEAD-  +1.057723e-03  -1.514128e+00  +4.259041e+00  +1.100000e+00
-1.493739e+02  +6.047540e+01  +4.033294e+01  0031     YV-MOOP-  +5.321724e-03  +2.226332e+00  +4.728890e+00  +1.100000e+00
-1.493603e+02  +6.514790e+01  +3.215537e+01  0062     TA-I23K-  +4.236720e-03  -2.556149e-01  +3.397283e+00  +2.100000e+00
-1.493559e+02  +6.025640e+01  +4.103388e+01  0025     YV-DIVI-  +4.122295e-02  +9.714659e-01  +4.483262e+00  +1.100000e+00
-1.493468e+02  +6.037550e+01  +3.495911e+01  0061     YV-AVAL-  +1.752588e+00  +7.659005e+00  +4.695224e+00  +1.100000e+00
-1.492993e+02  +6.417022e+01  +2.865070e+01  0007    XE-SOB-01  +1.436315e+00  +4.894215e+00  +3.247506e+00  +2.100000e+00
-1.492991e+02  +6.417320e+01  +3.028621e+01  0029      AK-BWN-  +1.329728e-01  +3.118095e+00  +3.283231e+00  +2.100000e+00
-1.492705e+02  +6.322863e+01  +4.068341e+01  0057    XE-GOO-01  +1.117369e-02  -2.590900e+00  +3.696378e+00  +2.100000e+00
-1.491872e+02  +6.080450e+01  +5.061332e+01  0060     YV-TUPA-  +3.047388e+00  -8.420431e+00  +5.492138e+00  +1.000000e-01
-1.491308e+02  +6.159220e+01  +4.313668e+01  0441      AT-PMR-  +2.010691e-03  -7.763859e-01  +4.848213e+00  +1.100000e+00
-1.491212e+02  +6.393914e+01  +3.495911e+01  0006    XE-SLT-01  +6.112683e-03  -3.303200e-01  +3.195114e+00  +2.100000e+00
-1.490992e+02  +6.461300e+01  +3.063668e+01  0038     XV-FPAP-  +7.279434e-03  +8.911254e-01  +3.608360e+00  +2.100000e+00
-1.490831e+02  +6.454980e+01  +2.946846e+01  0009     XV-FAPT-  +6.900212e-03  +2.266287e+00  +3.566185e+00  +2.100000e+00
-1.490706e+02  +6.459220e+01  +2.654790e+01  0038      AK-NEA-  +2.392886e+00  +5.166864e+00  +4.046741e+00  +1.000000e-01
-1.489780e+02  +6.383446e+01  +3.273949e+01  0041    XE-GNR-01  +1.954566e+00  +2.929591e+00  +3.242578e+00  +2.100000e+00
-1.489373e+02  +6.373180e+01  +4.126752e+01  0230      AK-MCK-  +2.773247e+00  -5.244940e+00  +3.280448e+00  +1.100000e+00
-1.489260e+02  +6.177100e+01  +5.108061e+01  0105      AK-GHO-  +5.765709e+00  -1.060765e+01  +4.877644e+00  +1.000000e-01
-1.488778e+02  +6.341572e+01  +4.266939e+01  0009   XE-RNDN-01  +3.939926e-01  -4.755258e+00  +3.777773e+00  +2.100000e+00
-1.488676e+02  +6.338958e+01  +4.430491e+01  0014   XE-RNDS-01  +2.171184e+00  -6.380601e+00  +3.760842e+00  +1.100000e+00
-1.488674e+02  +6.340144e+01  +4.173481e+01  0018   XE-RNDR-01  +9.166367e-03  -3.740714e+00  +3.802433e+00  +2.100000e+00
-1.488602e+02  +6.340560e+01  +4.196846e+01  0221      AK-RND-  +1.967735e-02  -3.993869e+00  +3.797106e+00  +2.100000e+00
-1.488551e+02  +6.340153e+01  +4.103388e+01  0018   XE-RND5-01  +8.084952e-02  -3.012444e+00  +3.816123e+00  +2.100000e+00
-1.488476e+02  +6.283310e+01  +3.776285e+01  0088     AK-WAT7-  +7.515102e-03  +2.815774e-02  +3.425354e+00  +2.100000e+00
-1.488360e+02  +6.902230e+01  +3.133762e+01  0085    XR-ICT-01  +5.702266e+00  +1.022623e+01  +3.980016e+00  +1.000000e-01
-1.488279e+02  +6.469170e+01  +2.678154e+01  0029     XV-FTGH-  +2.038999e+00  +4.727217e+00  +4.068957e+00  +1.000000e-01
-1.488233e+02  +6.915320e+01  +3.774809e+01  0016     TA-D24K-  +7.727709e-02  +2.634755e+00  +3.892747e+00  +2.100000e+00
-1.488150e+02  +6.340031e+01  +4.535631e+01  0025   XE-RNDE-01  +3.258145e+00  -7.495238e+00  +3.744141e+00  +1.100000e+00
-1.488049e+02  +6.350671e+01  +3.694509e+01  0019    XE-SLM-01  +4.888520e-04  +8.277560e-01  +3.781913e+00  +2.100000e+00
-1.487749e+02  +6.365589e+01  +3.811332e+01  0061    XE-YAN-01  +4.462673e-03  -1.336797e+00  +3.479355e+00  +2.100000e+00
-1.487009e+02  +6.972000e+01  +3.484733e+01  0015     TA-C24K-  +1.632906e-02  +3.335362e+00  +4.165106e+00  +1.100000e+00
-1.486985e+02  +6.971620e+01  +3.507594e+01  0080    XR-FRB-01  +1.821625e-01  +3.083507e+00  +4.162965e+00  +1.100000e+00
-1.486940e+02  +6.942400e+01  +3.495911e+01  0109    XR-SAG-01  +1.110439e+00  +4.484197e+00  +3.776140e+00  +2.100000e+00
-1.486238e+02  +6.078660e+01  +3.075351e+01  0029     YV-WHIT-  +5.972432e+00  +1.122508e+01  +4.356182e+00  +1.000000e-01
-1.485855e+02  +6.296280e+01  +3.776285e+01  0077     AK-WAT2-  +5.450685e-03  -7.540491e-03  +3.427789e+00  +2.100000e+00
-1.485514e+02  +6.552200e+01  +3.472547e+01  0036    XR-LVG-01  +2.726268e-01  -2.254230e+00  +3.259459e+00  +2.100000e+00
-1.485509e+02  +6.282950e+01  +3.706192e+01  0086     AK-WAT1-  +3.227424e-04  +6.356472e-01  +3.421664e+00  +2.100000e+00
-1.485377e+02  +6.268120e+01  +3.566005e+01  0042     AK-WAT3-  +1.744062e-02  +2.367506e+00  +3.573046e+00  +2.100000e+00
-1.485113e+02  +6.551140e+01  +3.297313e+01  0084    XR-LMW-01  +6.816269e-03  -2.980814e-01  +3.234396e+00  +2.100000e+00
-1.484868e+02  +6.807480e+01  +4.248092e+01  0035     TA-E24K-  +2.919138e-03  -2.045588e+00  +3.855797e+00  +2.100000e+00
-1.484585e+02  +6.141310e+01  +5.937500e+01  0137      AK-KNK-  +1.214464e+01  -1.829480e+01  +5.210229e+00  +1.000000e-01
-1.484171e+02  +6.077460e+01  +4.185164e+01  0078     YV-BLAK-  +6.307808e-04  -1.235528e+00  +4.014973e+00  +2.100000e+00
-1.483829e+02  +6.337340e+01  +4.453855e+01  0078    XE-DH1-01  +5.528044e-01  -6.756381e+00  +3.750835e+00  +2.100000e+00
-1.483334e+02  +6.085840e+01  +2.993575e+01  0118      AK-PWL-  +6.788488e+00  +1.189981e+01  +4.320944e+00  +1.000000e-01
-1.483316e+02  +6.180700e+01  +3.098715e+01  0196      AK-SAW-  +5.669799e+00  +1.277441e+01  +5.944019e+00  +1.000000e-01
-1.482319e+02  +6.496020e+01  +2.946846e+01  0239      AK-MDM-  +7.064327e-02  +2.375071e+00  +3.414262e+00  +2.100000e+00
-1.482286e+02  +6.306240e+01  +3.951519e+01  0056     AK-WAT5-  +1.320750e-02  -1.799312e+00  +3.482990e+00  +2.100000e+00
-1.480916e+02  +6.447150e+01  +3.075351e+01  0215      AK-WRH-  +4.350591e-03  +1.174945e+00  +3.545544e+00  +2.100000e+00
-1.480914e+02  +6.051830e+01  +3.986565e+01  0024     YV-MAIN-  +1.128870e-02  -4.182387e-01  +3.780434e+00  +2.100000e+00
-1.479534e+02  +6.070980e+01  +4.851051e+01  0054     YV-PERI-  +5.759510e+00  -9.709635e+00  +4.544176e+00  +1.000000e-01
-1.479421e+02  +6.283490e+01  +3.776285e+01  0082     AK-WAT4-  +9.515918e-04  -5.616418e-01  +3.516099e+00  +2.100000e+00
-1.478871e+02  +6.751870e+01  +3.774809e+01  0045     TA-F24K-  +4.089421e-02  +6.745393e-01  +3.528216e+00  +2.100000e+00
-1.478781e+02  +6.583710e+01  +2.970210e+01  0043     TA-H24K-  +3.212207e+00  +4.144507e+00  +3.854784e+00  +1.100000e+00
-1.478618e+02  +6.487350e+01  +2.958528e+01  0143     TA-TCOL-  +7.303234e-02  +2.337089e+00  +3.390225e+00  +2.100000e+00
-1.478616e+02  +6.487360e+01  +2.970210e+01  0641   IU-COLA-10  +1.356181e-02  +2.212648e+00  +3.392212e+00  +2.100000e+00
-1.478552e+02  +6.326522e+01  +4.675818e+01  0013    XE-DH2-01  +5.646439e+00  -9.915231e+00  +3.392943e+00  +1.100000e+00
-1.478053e+02  +6.464530e+01  +2.736565e+01  0207      AK-CCB-  +1.550849e+00  +4.503354e+00  +4.002081e+00  +2.100000e+00
-1.477400e+02  +6.258080e+01  +2.900117e+01  0143     AK-WAT6-  +1.858919e+00  +9.918654e+00  +3.929917e+00  +1.100000e+00
-1.477262e+02  +6.179290e+01  +4.354962e+01  0025     TA-M23K-  +3.744842e-02  -6.914083e-01  +5.478702e+00  +1.100000e+00
-1.474754e+02  +6.670040e+01  +3.576336e+01  0042     TA-G24K-  +1.577413e-02  -4.287112e-01  +3.276286e+00  +2.100000e+00
-1.474335e+02  +6.511710e+01  +3.286259e+01  0083     TA-POKR-  +4.897469e-03  -4.070048e-01  +3.275446e+00  +2.100000e+00
-1.474332e+02  +6.511730e+01  +3.285631e+01  0090   YE-PIC1-01  +2.270694e-03  -3.996409e-01  +3.275302e+00  +2.100000e+00
-1.474304e+02  +6.511760e+01  +3.297313e+01  0022     YE-PIC4-  +9.495089e-04  -5.234579e-01  +3.276016e+00  +2.100000e+00
-1.474031e+02  +5.999790e+01  +3.744275e+01  0014     TA-P23K-  +3.871079e-03  +4.868830e-02  +4.334658e+00  +1.100000e+00
-1.473999e+02  +6.498780e+01  +3.262266e+01  0034      AK-GLM-  +3.087100e-02  -3.084544e-01  +3.306139e+00  +2.100000e+00
-1.473759e+02  +6.307530e+01  +3.063668e+01  0137      AK-DHY-  +4.952043e+00  +6.993473e+00  +3.504050e+00  +1.100000e+00
-1.473296e+02  +6.183290e+01  +5.995911e+01  0096      AK-SCM-  +1.536723e+01  -2.089616e+01  +5.469682e+00  +1.000000e-01
-1.471438e+02  +6.303449e+01  +3.589369e+01  0057    XE-DH3-01  +2.273335e-03  +7.808974e-01  +3.374519e+00  +2.100000e+00
-1.470959e+02  +6.087920e+01  +4.640771e+01  0094      AK-GLI-  +5.249127e+00  -8.640691e+00  +4.638719e+00  +1.000000e-01
-1.470481e+02  +6.112160e+01  +2.935164e+01  0031      XL-BBB-  +7.324882e+00  +1.331353e+01  +4.830221e+00  +1.000000e-01
-1.469477e+02  +6.440950e+01  +2.958528e+01  0020      AK-HDA-  +7.694598e-02  +3.416407e+00  +3.312202e+00  +2.100000e+00
-1.466436e+02  +6.310329e+01  +3.647780e+01  0027    XE-CZN-01  +3.254170e-03  -2.754686e-01  +3.375041e+00  +2.100000e+00
-1.465035e+02  +6.039600e+01  +2.783294e+01  0045      AK-HIN-  +1.328392e+00  +9.123277e+00  +4.326109e+00  +1.100000e+00
-1.463751e+02  +6.932200e+01  +4.034351e+01  0045     TA-D25K-  +1.790536e-02  -1.392203e+00  +3.685042e+00  +2.100000e+00
-1.459227e+02  +6.149240e+01  +5.785631e+01  0136      AK-KLU-  +8.148865e+00  -1.897865e+01  +5.464454e+00  +1.000000e-01
-1.457784e+02  +6.380360e+01  +3.729008e+01  0001     TA-K24K-  +5.354938e-01  -4.291311e+00  +3.920752e+00  +2.100000e+00
-1.457749e+02  +6.112920e+01  +4.979556e+01  0410      AK-DIV-  +1.276750e-01  -1.061158e+01  +4.972111e+00  +1.100000e+00
-1.457584e+02  +6.341590e+01  +2.316005e+01  0076      AK-THY-  +5.008947e+00  +1.343185e+01  +3.387359e+00  +1.000000e-01
-1.457500e+02  +6.054870e+01  +2.467874e+01  0440     AK-EYAK-  +8.258855e+00  +1.212458e+01  +4.204640e+00  +1.000000e-01
-1.456430e+02  +6.759330e+01  +3.606870e+01  0049     TA-F25K-  +1.177182e-03  +5.655183e-01  +3.338685e+00  +2.100000e+00
-1.455680e+02  +6.812070e+01  +3.958015e+01  0051     TA-E25K-  +4.007778e-03  -2.651840e+00  +3.342247e+00  +2.100000e+00
-1.455246e+02  +6.551740e+01  +3.589369e+01  0105      AK-PPD-  +7.511156e-03  -2.342944e+00  +3.346223e+00  +2.100000e+00
-1.454699e+02  +6.296990e+01  +4.442173e+01  0300      AK-PAX-  +1.065482e-01  -9.224168e+00  +4.668004e+00  +1.100000e+00
-1.453697e+02  +6.461300e+01  +3.515267e+01  0050     TA-J25K-  +2.993793e-02  -1.231100e+00  +3.354067e+00  +2.100000e+00
-1.452082e+02  +6.053410e+01  +4.115070e+01  0042      AK-SGA-  +2.898294e+00  -6.816344e+00  +3.764958e+00  +1.100000e+00
-1.449122e+02  +6.991750e+01  +4.217557e+01  0006     TA-C26K-  +2.965067e-03  -2.451416e+00  +5.297222e+00  +1.100000e+00
-1.448440e+02  +6.374030e+01  +3.472547e+01  0081     AK-RIDG-  +9.384359e-03  -7.625076e-01  +3.419035e+00  +2.100000e+00
-1.447292e+02  +6.058050e+01  +2.993575e+01  0025     AK-GOAT-  +1.440050e-01  +5.762047e+00  +3.550166e+00  +2.100000e+00
-1.446051e+02  +6.096770e+01  +3.472547e+01  0421      AK-BMR-  +1.355893e-01  +2.816523e+00  +3.989467e+00  +2.100000e+00
-1.445982e+02  +6.160610e+01  +2.385496e+01  0042     TA-N25K-  +7.078493e+00  +1.833350e+01  +4.274717e+00  +1.000000e-01
-1.442623e+02  +6.033510e+01  +3.963201e+01  0029      AK-HMT-  +1.893564e+00  -6.036315e+00  +3.934814e+00  +2.100000e+00
-1.441455e+02  +6.769460e+01  +3.438931e+01  0048     TA-F26K-  +1.334020e-02  +9.157051e-01  +3.274397e+00  +2.100000e+00
-1.440697e+02  +6.364820e+01  +3.215537e+01  0264      AK-DOT-  +9.796943e-03  +2.709880e+00  +3.355494e+00  +2.100000e+00
-1.439905e+02  +6.397610e+01  +3.449182e+01  0194     AK-SCRK-  +7.047412e-04  +6.734521e-01  +3.300950e+00  +2.100000e+00
-1.439692e+02  +6.023610e+01  +4.372079e+01  0009     AK-NICH-  +6.129562e+00  -1.105795e+01  +4.319741e+00  +1.000000e-01
-1.438123e+02  +6.144170e+01  +2.888435e+01  0120      AK-GLB-  +7.814433e+00  +1.243014e+01  +4.140142e+00  +1.000000e-01
-1.437848e+02  +6.694980e+01  +3.103053e+01  0040     TA-G26K-  +1.778666e+00  +3.799511e+00  +3.904825e+00  +2.100000e+00
-1.437790e+02  +6.007200e+01  +2.479556e+01  0037     AK-SUCK-  +1.600819e+00  +8.807695e+00  +5.168394e+00  +1.100000e+00
-1.437194e+02  +6.293805e+01  +3.951519e+01  0087     AT-MENT-  +1.517811e+00  -5.000825e+00  +3.603210e+00  +2.100000e+00
-1.437114e+02  +6.962600e+01  +4.522901e+01  0019     TA-C27K-  +1.839714e-01  -5.645563e+00  +4.729086e+00  +1.100000e+00
-1.437038e+02  +6.039230e+01  +2.561332e+01  0024     AK-BERG-  +4.517034e+00  +9.033608e+00  +4.337103e+00  +1.000000e-01
-1.435636e+02  +6.450120e+01  +3.835878e+01  0050     TA-J26L-  +2.278423e-01  -2.977785e+00  +3.459844e+00  +2.100000e+00
-1.434545e+02  +6.122750e+01  +5.773949e+01  0070     AK-VRDI-  +9.433207e+00  -1.935005e+01  +4.550499e+00  +1.000000e-01
-1.433478e+02  +6.302540e+01  +2.996183e+01  0086     TA-L26K-  +1.942015e+00  +5.955109e+00  +4.122696e+00  +1.100000e+00
-1.433210e+02  +6.028050e+01  +2.094042e+01  0046     AK-GRIN-  +9.522804e+00  +1.372864e+01  +4.375960e+00  +1.000000e-01
-1.432841e+02  +6.012050e+01  +2.409463e+01  0018     AK-BGLC-  +8.363462e-01  +9.918484e+00  +4.592931e+00  +1.100000e+00
-1.432510e+02  +6.044270e+01  +2.280958e+01  0068     AK-KHIT-  +9.450208e+00  +1.303352e+01  +3.591002e+00  +1.000000e-01
-1.431541e+02  +6.530640e+01  +3.164122e+01  0045     TA-I26K-  +3.346582e+00  +4.952544e+00  +3.427977e+00  +1.100000e+00
-1.430926e+02  +6.075230e+01  +2.713201e+01  0075      AK-CRQ-  +9.558637e+00  +1.172129e+01  +3.804028e+00  +1.000000e-01
-1.430240e+02  +6.138360e+01  +5.400117e+01  0040     AK-MCAR-  +1.433755e+00  -1.376006e+01  +5.267286e+00  +1.100000e+00
-1.429963e+02  +6.240130e+01  +3.469466e+01  0041     TA-M26K-  +6.192435e-02  +2.954834e+00  +6.371468e+00  +1.100000e+00
-1.428529e+02  +6.044800e+01  +4.056659e+01  0064      AK-WAX-  +1.025093e+00  -4.722027e+00  +3.658475e+00  +2.100000e+00
-1.428391e+02  +6.017900e+01  +2.316005e+01  0039      AK-SSP-  +8.084469e+00  +1.199933e+01  +4.367259e+00  +1.000000e-01
-1.428292e+02  +6.075410e+01  +5.189836e+01  0069      AK-TGL-  +6.098964e+00  -1.377617e+01  +3.660419e+00  +1.000000e-01
-1.427234e+02  +6.024740e+01  +4.418808e+01  0034     AK-KULT-  +5.166815e+00  -9.400754e+00  +3.910671e+00  +1.100000e+00
-1.424931e+02  +6.040300e+01  +2.981893e+01  0010     AK-BARK-  +3.928309e+00  +7.315452e+00  +3.477093e+00  +1.100000e+00
-1.424672e+02  +6.118710e+01  +5.622079e+01  0090     AK-PTPK-  +2.356323e+00  -1.513051e+01  +5.415678e+00  +1.000000e-01
-1.423605e+02  +6.092310e+01  +5.808995e+01  0075     AK-KIAG-  +1.145406e+01  -1.803451e+01  +4.816146e+00  +1.000000e-01
-1.423462e+02  +6.103600e+01  +4.687500e+01  0197      AK-BAL-  +1.095533e-02  -5.418159e+00  +5.449871e+00  +1.100000e+00
-1.423406e+02  +6.060240e+01  +3.005257e+01  0028     AK-ISLE-  +6.625607e+00  +9.283409e+00  +3.688265e+00  +1.000000e-01
-1.420915e+02  +6.048960e+01  +2.876752e+01  0030     AK-BAGL-  +7.901788e+00  +1.048632e+01  +3.638761e+00  +1.000000e-01
-1.420758e+02  +6.402920e+01  +4.003817e+01  0048     TA-K27K-  +1.402314e-01  -4.928047e+00  +3.469252e+00  +2.100000e+00
-1.419505e+02  +6.017850e+01  +3.869743e+01  0040     AK-MESA-  +9.261449e-04  -9.488505e-01  +3.495066e+00  +2.100000e+00
-1.418780e+02  +6.235790e+01  +3.515267e+01  0029     TA-M27K-  +5.036806e-02  +3.000026e+00  +3.978254e+00  +2.100000e+00
-1.418275e+02  +6.306180e+01  +3.075351e+01  0071     TA-L27K-  +1.586239e-01  +4.678937e+00  +5.039838e+00  +1.100000e+00
-1.417558e+02  +6.073150e+01  +3.472547e+01  0040     AK-GRNC-  +1.952927e+00  +6.867640e+00  +4.485304e+00  +1.100000e+00
-1.417510e+02  +6.035830e+01  +4.126752e+01  0054      AK-YAH-  +4.306969e-03  -2.228053e+00  +3.588909e+00  +2.100000e+00
-1.416622e+02  +6.105950e+01  +4.558995e+01  0070     AK-BARN-  +6.687198e-03  -3.275032e+00  +4.954161e+00  +1.100000e+00
-1.416549e+02  +6.680880e+01  +3.408397e+01  0031     TA-G27K-  +2.409208e-03  +1.763567e-01  +3.389314e+00  +2.100000e+00
-1.416153e+02  +6.560350e+01  +3.637405e+01  0043     TA-I27K-  +7.852273e-05  -3.485106e-02  +3.456770e+00  +2.100000e+00
-1.415951e+02  +6.818610e+01  +3.179389e+01  0041     TA-E27K-  +1.074135e-01  +3.289166e+00  +4.328587e+00  +1.100000e+00
-1.415498e+02  +6.022350e+01  +3.647780e+01  0032     XF-KAVU-  +1.389496e-01  +2.680206e+00  +3.671554e+00  +2.100000e+00
-1.415265e+02  +6.623050e+01  +3.893234e+01  0070     TA-H27K-  +1.195188e+00  -4.698537e+00  +3.162879e+00  +2.100000e+00
-1.414543e+02  +6.021760e+01  +3.308995e+01  0012     XF-STEW-  +3.362545e+00  +6.403992e+00  +3.751635e+00  +1.100000e+00
-1.414059e+02  +6.015560e+01  +4.418808e+01  0036     XF-BOOM-  +1.076485e+00  -5.430892e+00  +3.644484e+00  +2.100000e+00
-1.413858e+02  +6.017200e+01  +4.967874e+01  0041     XF-DOST-  +7.201016e+00  -1.108440e+01  +3.597859e+00  +1.100000e+00
-1.413727e+02  +6.012980e+01  +4.068341e+01  0015     XF-TRIP-  +1.596204e-02  -1.804246e+00  +3.685936e+00  +2.100000e+00
-1.413479e+02  +6.015920e+01  +3.624416e+01  0043     XF-LUPN-  +2.932590e-01  +3.030785e+00  +3.738615e+00  +2.100000e+00
-1.413478e+02  +6.029940e+01  +4.687500e+01  0041     AK-RKAV-  +5.277847e+00  -7.610943e+00  +4.477413e+00  +1.000000e-01
-1.413401e+02  +6.096490e+01  +4.570678e+01  0162      AK-CTG-  +5.947946e-02  -3.657229e+00  +5.527554e+00  +1.100000e+00
-1.411581e+02  +6.477740e+01  +3.904790e+01  0213   US-EGAK-00  +2.564914e-02  -2.211169e+00  +3.602040e+00  +2.100000e+00
-1.411443e+02  +6.043990e+01  +5.423481e+01  0051     AK-TABL-  +8.062266e+00  -1.422704e+01  +4.740038e+00  +1.000000e-01
-1.409648e+02  +6.924300e+01  +4.874046e+01  0027     TA-D27M-  +4.599762e+00  -1.055297e+01  +4.565596e+00  +1.000000e-01
-1.408606e+02  +6.241410e+01  +3.414135e+01  0009     CN-BVCY-  +6.048044e-01  +4.244542e+00  +3.672725e+00  +2.100000e+00
-1.408426e+02  +6.176680e+01  +4.442173e+01  0016     CN-YUK2-  +5.317082e-02  -4.026993e+00  +3.989209e+00  +2.100000e+00
-1.404595e+02  +6.177550e+01  +4.594042e+01  0003     CN-YUK3-  +1.716717e+00  -6.106328e+00  +4.658249e+00  +1.100000e+00
-1.402525e+02  +6.009590e+01  +4.453855e+01  0051      AK-PIN-  +1.636920e+00  -5.109391e+00  +3.724844e+00  +2.100000e+00
-1.401906e+02  +6.077180e+01  +5.713741e+01  0020     TA-O28M-  +5.637893e+00  -1.627649e+01  +5.083476e+00  +1.000000e-01
-1.399355e+02  +6.544830e+01  +4.064885e+01  0031     TA-I28M-  +2.344290e+00  -5.532122e+00  +3.608811e+00  +1.100000e+00
-1.398717e+02  +6.761360e+01  +2.461832e+01  0030     TA-F28M-  +8.572170e+00  +1.149268e+01  +4.156615e+00  +1.000000e-01
-1.397646e+02  +6.128440e+01  +3.507594e+01  0001     CN-YUK8-  +1.622423e+00  +7.370927e+00  +4.654579e+00  +1.100000e+00
-1.396369e+02  +5.995340e+01  +2.900117e+01  0033      AK-BCP-  +6.913634e+00  +1.118781e+01  +3.869825e+00  +1.000000e-01
-1.395458e+02  +5.997220e+01  +4.266939e+01  0009     YO-TIDE-  +7.058006e-01  -3.799047e+00  +3.613945e+00  +2.100000e+00
-1.395349e+02  +6.860430e+01  +3.744275e+01  0027     TA-E28M-  +1.125156e-02  +6.699377e-01  +3.963235e+00  +2.100000e+00
-1.394036e+02  +5.966590e+01  +3.484229e+01  0140      AK-PNL-  +9.312552e-02  +3.478060e+00  +3.596124e+00  +2.100000e+00
-1.393909e+02  +6.406550e+01  +3.425818e+01  0005     CN-DAWY-  +2.234886e-01  +2.579372e+00  +3.544435e+00  +2.100000e+00
-1.387367e+02  +6.932860e+01  +3.729008e+01  0004     TA-D28M-  +2.948046e-02  +4.857427e+00  +5.543301e+00  +1.100000e+00
-1.385755e+02  +6.030240e+01  +4.858779e+01  0027     TA-O29M-  +4.821381e+00  -9.580215e+00  +4.456024e+00  +1.000000e-01
-1.385463e+02  +6.143480e+01  +3.682827e+01  0004     CN-YUK4-  +7.714126e-02  +2.776601e+00  +3.817686e+00  +2.100000e+00
-1.384624e+02  +6.244350e+01  +3.637405e+01  0041     TA-M29M-  +1.763665e-03  +4.324986e-01  +3.482122e+00  +2.100000e+00
-1.383689e+02  +6.621910e+01  +2.156489e+01  0003     TA-H29M-  +1.454644e+01  +1.669110e+01  +3.640624e+00  +1.000000e-01
-1.383626e+02  +6.094320e+01  +4.757594e+01  0008     CN-YUK6-  +5.469314e+00  -8.559479e+00  +4.397142e+00  +1.000000e-01
-1.383063e+02  +6.536090e+01  +3.866412e+01  0030     TA-I29M-  +1.170517e-01  -3.487497e+00  +3.650551e+00  +2.100000e+00
-1.382164e+02  +6.445250e+01  +4.583969e+01  0015     TA-J29N-  +9.269118e+00  -1.211770e+01  +3.303579e+00  +1.000000e-01
-1.382158e+02  +6.445300e+01  +2.993575e+01  0019     TA-J29M-  +5.362829e+00  +8.073366e+00  +4.145056e+00  +1.000000e-01
-1.382154e+02  +5.909060e+01  +3.612734e+01  0095     AK-DCPH-  +3.502728e-04  +4.076350e-01  +3.863138e+00  +2.100000e+00
-1.381399e+02  +6.053070e+01  +3.530958e+01  0006     CN-YUK7-  +1.285109e+00  +4.993952e+00  +3.872164e+00  +2.100000e+00
-1.381290e+02  +6.310900e+01  +3.408397e+01  0041     TA-L29M-  +2.060887e-03  +1.706529e+00  +3.405997e+00  +2.100000e+00
-1.380223e+02  +6.691160e+01  +4.125954e+01  0019     TA-G29M-  +4.667979e+00  -8.901216e+00  +4.028065e+00  +1.000000e-01
-1.378969e+02  +6.838890e+01  +4.706107e+01  0024     TA-E29M-  +8.310039e+00  -1.192112e+01  +2.581967e+00  +1.000000e-01
-1.378593e+02  +6.113150e+01  +3.449182e+01  0009     CN-YUK5-  +1.935075e+00  +5.224648e+00  +3.670497e+00  +2.100000e+00
-1.377381e+02  +5.963040e+01  +3.787967e+01  0009     TA-P29M-  +3.786456e-03  +2.589134e-02  +3.439606e+00  +2.100000e+00
-1.375201e+02  +6.384330e+01  +3.225191e+01  0015     TA-K29M-  +1.654058e+00  +4.209544e+00  +3.476587e+00  +2.100000e+00
-1.375038e+02  +6.082500e+01  +3.916472e+01  0029      CN-HYT-  +9.671422e-04  -3.840177e-03  +3.578480e+00  +2.100000e+00
-1.370885e+02  +6.145930e+01  +3.787967e+01  0022     TA-N30M-  +1.891154e-04  +1.187966e-01  +3.459663e+00  +2.100000e+00
-1.369598e+02  +6.012180e+01  +3.659463e+01  0024     TA-P30M-  +8.774307e-02  +2.162702e+00  +3.535313e+00  +2.100000e+00
-1.367191e+02  +6.637010e+01  +4.150117e+01  0094     TA-EPYK-  +2.530792e-01  -8.839177e+00  +4.253577e+00  +1.100000e+00
-1.360906e+02  +6.077040e+01  +4.138435e+01  0018     TA-O30N-  +1.329459e+00  -3.923578e+00  +3.399820e+00  +2.100000e+00
-1.357796e+02  +6.148620e+01  +3.636098e+01  0013     TA-N31M-  +2.497022e-02  +1.707372e+00  +3.516728e+00  +2.100000e+00
-1.353290e+02  +5.946010e+01  +4.080023e+01  0281     AT-SKAG-  +4.622113e-01  -4.957831e+00  +3.638667e+00  +2.100000e+00
-1.353244e+02  +5.705690e+01  +2.257594e+01  0153      AT-SIT-  +5.430635e-01  +1.203622e+01  +4.199807e+00  +1.100000e+00
-1.337420e+02  +6.744100e+01  +2.526285e+01  0009     TA-F31M-  +9.796128e+00  +1.556624e+01  +5.934610e+00  +1.000000e-01
-1.337147e+02  +5.958980e+01  +3.203855e+01  0006     TA-P32M-  +1.556459e-02  +6.810930e+00  +5.295613e+00  +1.100000e+00
