# Lon        | Lat          | Moho Depth   | Count   | Station    | Min Err      | Mean Err     | Variance     | Score 
-1.741975e+02  +5.220160e+01  +4.243575e+01  0134     AK-ATKA-  +6.117553e-02  -1.253111e+01  +9.034968e+00  +1.100000e+00
-1.717035e+02  +6.377580e+01  +3.332360e+01  0388     AK-GAMB-  +1.064044e-01  -1.510529e+00  +2.164925e+00  +2.100000e+00
-1.702477e+02  +5.717660e+01  +2.923481e+01  0105     AK-SPIA-  +7.361107e-02  +4.355321e+00  +5.558165e+00  +1.100000e+00
-1.688550e+02  +5.297210e+01  +1.965537e+01  0110     AK-NIKH-  +1.498774e+00  +1.246366e+01  +3.979702e+00  +1.100000e+00
-1.681619e+02  +5.335650e+01  +2.596379e+01  0027     AV-OKSO-  +7.498767e-03  +6.651352e+00  +2.885078e+00  +1.100000e+00
-1.679264e+02  +6.556010e+01  +3.285631e+01  0387      AK-TNA-  +6.677743e-03  +9.389836e-01  +2.397887e+00  +2.100000e+00
-1.669407e+02  +5.380820e+01  +3.729556e+01  0013     AV-MAPS-  +2.052400e+00  -4.469223e+00  +1.857145e+00  +1.100000e+00
-1.668780e+02  +5.379380e+01  +4.044977e+01  0013   AV-MGOD-00  +5.263602e+00  -7.745267e+00  +1.844334e+00  +1.100000e+00
-1.665040e+02  +5.384560e+01  +3.460865e+01  0133      AK-UNV-  +9.364138e-02  -1.763774e+00  +2.029314e+00  +2.100000e+00
-1.663288e+02  +6.547420e+01  +3.179389e+01  0045     TA-F14K-  +1.925286e-01  +1.587634e+00  +9.868768e-01  +2.100000e+00
-1.662011e+02  +6.038490e+01  +3.408397e+01  0017     TA-M11K-  +1.097858e-02  -2.726856e+00  +1.971220e+00  +2.100000e+00
-1.660708e+02  +5.412920e+01  +3.671145e+01  0069     AV-AKRB-  +1.286626e+00  -4.080107e+00  +1.708952e+00  +2.100000e+00
-1.659936e+02  +5.419790e+01  +3.442620e+01  0025     AV-AKGG-  +1.811057e-02  -1.479890e+00  +2.449838e+00  +2.100000e+00
-1.659576e+02  +5.416180e+01  +3.098715e+01  0037     AV-AKLV-  +8.011977e-01  +2.691905e+00  +2.074017e+00  +2.100000e+00
-1.659338e+02  +5.409750e+01  +3.192173e+01  0011     AV-AKBB-  +6.507617e-02  +1.373610e+00  +2.015271e+00  +2.100000e+00
-1.657719e+02  +5.413517e+01  +4.009930e+01  0033     AT-AKUT-  +3.624326e+00  -8.028149e+00  +1.768500e+00  +1.100000e+00
-1.653732e+02  +6.456460e+01  +3.308995e+01  0139      AK-ANM-  +7.011802e-03  +2.010466e-01  +1.013752e+00  +2.100000e+00
-1.653436e+02  +6.827460e+01  +5.377863e+01  0025     TA-C16K-  +1.464095e-01  -1.167716e+01  +5.302209e+00  +1.100000e+00
-1.653383e+02  +6.456950e+01  +3.285631e+01  0075    XR-NOM-01  +7.468696e-02  +4.960632e-01  +1.107838e+00  +2.100000e+00
-1.646555e+02  +6.193310e+01  +2.828244e+01  0033     TA-K13K-  +1.068848e-01  +6.228371e+00  +3.591984e+00  +1.100000e+00
-1.646483e+02  +6.570770e+01  +3.118321e+01  0048     TA-F15K-  +4.034258e-01  +2.449416e+00  +1.112837e+00  +2.100000e+00
-1.640386e+02  +6.499410e+01  +3.454198e+01  0037     TA-G15K-  +1.813427e-02  -1.025563e+00  +8.060591e-01  +2.100000e+00
-1.635540e+02  +6.274920e+01  +3.576336e+01  0057     TA-J14K-  +3.471607e-03  -2.319000e+00  +2.673189e+00  +2.100000e+00
-1.634175e+02  +5.485640e+01  +2.397780e+01  0102     AK-FALS-  +2.887871e+00  +1.207356e+01  +6.025551e+00  +1.000000e-01
-1.631776e+02  +6.847530e+01  +5.270992e+01  0013     TA-C17K-  +6.677483e+00  -1.205623e+01  +2.274763e+00  +1.100000e+00
-1.630831e+02  +6.769880e+01  +3.500000e+01  0018     TA-D17K-  +1.048701e+00  +4.202276e+00  +1.993439e+00  +2.100000e+00
-1.629080e+02  +6.805410e+01  +4.208528e+01  0145     AK-RDOG-  +3.519671e-02  -2.481355e+00  +1.968629e+00  +2.100000e+00
-1.626829e+02  +6.134160e+01  +3.729008e+01  0046     TA-L14K-  +5.367471e-02  -5.209814e+00  +3.400807e+00  +1.100000e+00
-1.623547e+02  +6.539360e+01  +3.316794e+01  0047     TA-G16K-  +9.913829e-04  +1.468708e+00  +6.925466e-01  +2.100000e+00
-1.622390e+02  +6.463790e+01  +3.545802e+01  0041     TA-H16K-  +7.966146e-04  -8.317621e-01  +2.936452e+00  +2.100000e+00
-1.619600e+02  +6.075150e+01  +2.278626e+01  0026     TA-M14K-  +1.116121e+01  +1.380419e+01  +3.564416e+00  +1.000000e-01
-1.618262e+02  +6.708200e+01  +2.461832e+01  0038     TA-E17K-  +8.473703e+00  +1.218639e+01  +1.564761e+00  +1.000000e-01
-1.618016e+02  +6.936410e+01  +2.461832e+01  0010     TA-B18K-  +1.260442e+01  +1.830711e+01  +3.969586e+00  +1.000000e-01
-1.616852e+02  +5.992370e+01  +4.202290e+01  0025     TA-N14K-  +2.822135e+00  -6.614613e+00  +1.817154e+00  +1.100000e+00
-1.615308e+02  +6.229380e+01  +3.835878e+01  0045     TA-K15K-  +1.760339e-01  -3.693085e+00  +2.549972e+00  +2.100000e+00
-1.614869e+02  +6.167800e+01  +2.904580e+01  0050     TA-L15K-  +1.367135e+00  +6.478348e+00  +3.348966e+00  +1.100000e+00
-1.612778e+02  +6.540150e+01  +3.449182e+01  0105    XR-GTM-01  +1.291966e-02  +1.012283e+00  +5.128600e-01  +2.100000e+00
-1.612638e+02  +5.925330e+01  +4.003817e+01  0038     TA-O14K-  +1.264874e-02  -1.704103e+00  +2.041974e+00  +2.100000e+00
-1.612502e+02  +6.644200e+01  +3.500000e+01  0031     TA-F17K-  +4.791119e-02  -1.111379e+00  +2.586239e+00  +2.100000e+00
-1.611943e+02  +6.864830e+01  +4.889313e+01  0024     TA-C18K-  +4.890357e+00  -9.509586e+00  +4.565031e+00  +1.000000e-01
-1.610713e+02  +7.020430e+01  +3.606870e+01  0001     TA-A19K-  +4.067139e-02  +3.728453e+00  +3.761514e+00  +1.100000e+00
-1.606950e+02  +6.388640e+01  +3.347328e+01  0048     TA-I17K-  +2.796200e-01  +3.890105e+00  +1.335475e+00  +2.100000e+00
-1.606884e+02  +6.069470e+01  +3.454198e+01  0047     TA-M15K-  +5.827266e-02  +6.553750e-01  +1.946813e+00  +2.100000e+00
-1.606514e+02  +6.550110e+01  +3.469466e+01  0045     TA-G17K-  +4.352420e-03  +1.537045e+00  +5.226037e-01  +2.100000e+00
-1.606027e+02  +6.742130e+01  +3.179389e+01  0040     TA-E18K-  +1.636850e-01  +5.266656e+00  +2.582195e+00  +2.100000e+00
-1.606021e+02  +6.328420e+01  +4.171756e+01  0048     TA-J16K-  +4.391534e+00  -6.826593e+00  +1.052531e+00  +1.100000e+00
-1.600921e+02  +6.016860e+01  +4.049618e+01  0046     TA-N15K-  +2.235068e+00  -4.300734e+00  +6.965959e-01  +1.100000e+00
-1.599126e+02  +6.493700e+01  +4.232824e+01  0049     TA-H17K-  +1.185075e+00  -5.635682e+00  +9.737143e-01  +2.100000e+00
-1.598246e+02  +5.917670e+01  +3.973282e+01  0033     TA-O15K-  +1.251661e-01  -3.911123e+00  +2.311231e+00  +2.100000e+00
-1.596514e+02  +6.660010e+01  +3.973282e+01  0008     TA-F18K-  +2.125475e+00  -4.476993e+00  +1.223194e+00  +1.100000e+00
-1.595895e+02  +5.483100e+01  +2.094042e+01  0018      AK-CHN-  +6.974264e-01  +1.007403e+01  +1.245275e+01  +1.100000e+00
-1.595874e+02  +6.910490e+01  +4.583969e+01  0017     TA-C19K-  +2.095962e-02  -4.692543e+00  +4.757234e+00  +1.100000e+00
-1.594747e+02  +6.171050e+01  +3.652672e+01  0053     TA-L16K-  +1.468798e-03  -1.122024e+00  +1.113255e+00  +2.100000e+00
-1.590777e+02  +6.339650e+01  +3.148855e+01  0022     TA-J17K-  +3.138275e+00  +5.684946e+00  +1.037883e+00  +1.100000e+00
-1.589593e+02  +6.102240e+01  +4.003817e+01  0043     TA-M16K-  +1.582775e+00  -5.045825e+00  +1.204510e+00  +2.100000e+00
-1.587690e+02  +6.047420e+01  +3.805344e+01  0047     TA-N16K-  +4.743250e-04  -1.625177e+00  +6.928887e-01  +2.100000e+00
-1.586540e+02  +6.589500e+01  +3.515267e+01  0041     TA-G18K-  +2.780580e-01  +2.595930e+00  +9.952182e-01  +2.100000e+00
-1.584142e+02  +5.630140e+01  +4.044977e+01  0066     AT-CHGN-  +2.963712e+00  -9.709792e+00  +2.471895e+00  +1.100000e+00
-1.583633e+02  +6.515270e+01  +4.339695e+01  0043     TA-H18K-  +1.072385e+00  -6.028417e+00  +1.172762e+00  +2.100000e+00
-1.583014e+02  +6.271610e+01  +3.545802e+01  0045     TA-K17K-  +8.679278e-03  -1.441455e-02  +7.581097e-01  +2.100000e+00
-1.582972e+02  +6.213440e+01  +3.576336e+01  0048     TA-L17K-  +2.498557e-03  -7.008274e-01  +8.272090e-01  +2.100000e+00
-1.581151e+02  +6.849460e+01  +4.522901e+01  0024     TA-D19K-  +6.806975e-03  -2.143088e+00  +4.614071e+00  +1.100000e+00
-1.580932e+02  +5.959380e+01  +3.698473e+01  0048     TA-O16K-  +3.458507e-03  -1.206362e+00  +1.374362e+00  +2.100000e+00
-1.579906e+02  +5.903140e+01  +2.596379e+01  0012     TA-P16K-  +9.464333e+00  +1.212060e+01  +1.223771e+00  +1.000000e-01
-1.577728e+02  +6.683320e+01  +3.545802e+01  0042     TA-F19K-  +2.104113e-02  +1.560665e+00  +1.282965e+00  +2.100000e+00
-1.574375e+02  +6.140090e+01  +3.133588e+01  0048     TA-M17K-  +4.016878e-01  +3.956018e+00  +1.909285e+00  +2.100000e+00
-1.572316e+02  +6.745720e+01  +3.652672e+01  0044     TA-E19K-  +5.562503e-03  +2.229898e+00  +2.704841e+00  +2.100000e+00
-1.571867e+02  +6.052690e+01  +3.332061e+01  0051     TA-N17K-  +9.618828e-03  +2.979463e+00  +7.982404e-01  +2.100000e+00
-1.571599e+02  +7.000790e+01  +3.255725e+01  0002     TA-B20K-  +6.324748e+00  +9.914229e+00  +1.485368e+00  +1.000000e-01
-1.570946e+02  +5.977330e+01  +3.729008e+01  0051     TA-O17K-  +7.923994e-03  -4.442911e-01  +1.462882e+00  +2.100000e+00
-1.570870e+02  +6.614340e+01  +3.774809e+01  0050     TA-G19K-  +1.005756e-01  -1.026194e+00  +7.521042e-01  +2.100000e+00
-1.568792e+02  +6.474610e+01  +3.928154e+01  0028     AK-GCSA-  +7.434002e-02  -2.276822e+00  +1.230308e+00  +2.100000e+00
-1.567154e+02  +6.346500e+01  +3.515267e+01  0052     TA-J18K-  +2.916429e-03  +8.145035e-01  +1.255016e+00  +2.100000e+00
-1.566886e+02  +6.221950e+01  +3.225191e+01  0040     TA-L18K-  +2.456518e-01  +2.731092e+00  +3.406885e+00  +1.100000e+00
-1.566556e+02  +5.867740e+01  +4.232824e+01  0020     TA-Q16K-  +8.002301e-01  -8.810408e+00  +2.395503e+00  +2.100000e+00
-1.566175e+02  +7.132210e+01  +3.316794e+01  0011     TA-A21K-  +2.163605e-01  +2.270650e+00  +6.869529e+00  +1.100000e+00
-1.566132e+02  +6.871320e+01  +5.255725e+01  0026     TA-D20K-  +5.002924e+00  -8.794605e+00  +4.406579e+00  +1.000000e-01
-1.564494e+02  +6.552760e+01  +3.606870e+01  0052     TA-H19K-  +1.043138e-01  +9.582921e-01  +7.317881e-01  +2.100000e+00
-1.564394e+02  +5.919530e+01  +4.339695e+01  0023     TA-P17K-  +2.394527e+00  -7.786201e+00  +1.409049e+00  +1.100000e+00
-1.563872e+02  +5.763970e+01  +2.797710e+01  0016     TA-R17K-  +6.334787e-02  +5.654924e+00  +4.215985e+00  +1.100000e+00
-1.561885e+02  +6.825750e+01  +4.965649e+01  0034     TA-E20K-  +2.106139e+00  -6.219039e+00  +4.401249e+00  +1.000000e-01
-1.560116e+02  +6.293010e+01  +3.694509e+01  0092      AT-TTA-  +5.882303e-02  -1.763767e+00  +9.113449e-01  +2.100000e+00
-1.558897e+02  +6.068010e+01  +3.301527e+01  0049     TA-N18K-  +3.188013e-01  +2.855323e+00  +6.340732e-01  +2.100000e+00
-1.558865e+02  +5.826370e+01  +2.187023e+01  0032     TA-Q17K-  +1.114819e+01  +1.276314e+01  +3.342018e+00  +1.000000e-01
-1.558242e+02  +6.149070e+01  +2.843511e+01  0037     TA-M18K-  +3.234270e-01  +7.169693e+00  +1.396377e+00  +1.100000e+00
-1.557251e+02  +6.704860e+01  +2.675573e+01  0041     TA-F20K-  +9.764908e+00  +1.425566e+01  +2.242883e+00  +1.000000e-01
-1.556225e+02  +5.582180e+01  +3.367406e+01  0011      AK-CHI-  +3.372556e-03  -5.036718e-01  +2.312118e+00  +2.100000e+00
-1.556217e+02  +6.110820e+01  +3.682827e+01  0202     AT-SVW2-  +1.865522e-02  -2.566927e+00  +1.662093e+00  +2.100000e+00
-1.556214e+02  +6.399400e+01  +3.576336e+01  0057     TA-J19K-  +5.853006e-03  +3.904652e-01  +7.363673e-01  +2.100000e+00
-1.554660e+02  +6.474000e+01  +3.425818e+01  0067    XR-RBY-01  +1.237130e+00  +2.250262e+00  +6.554841e-01  +2.100000e+00
-1.552843e+02  +5.827020e+01  +3.717874e+01  0079     AV-KABU-  +6.102689e-01  -4.810461e+00  +2.331746e+00  +2.100000e+00
-1.552292e+02  +5.939220e+01  +3.805344e+01  0043     TA-P18K-  +1.028256e-02  -2.218623e+00  +1.762932e+00  +2.100000e+00
-1.552080e+02  +5.985420e+01  +4.003817e+01  0044     TA-O18K-  +1.208186e+00  -3.778359e+00  +1.120135e+00  +2.100000e+00
-1.550632e+02  +5.829630e+01  +2.666472e+01  0049     AV-KAKN-  +5.977349e+00  +7.957405e+00  +3.364227e+00  +1.000000e-01
-1.550086e+02  +5.864840e+01  +3.377863e+01  0032     TA-Q18K-  +3.264869e-03  -4.178246e-01  +1.695912e+00  +2.100000e+00
-1.549742e+02  +7.100330e+01  +4.843512e+01  0003     TA-A22K-  +2.086957e+00  -1.461442e+01  +4.789655e+00  +1.000000e-01
-1.548808e+02  +6.549240e+01  +3.454198e+01  0053     TA-H20K-  +3.921833e-02  +1.471724e+00  +9.622714e-01  +2.100000e+00
-1.548543e+02  +6.218160e+01  +3.571145e+01  0080     TA-L19K-  +3.059753e-03  +9.334927e-01  +1.389722e+00  +2.100000e+00
-1.547833e+02  +6.915650e+01  +4.965649e+01  0014     TA-C21K-  +1.125655e-01  -5.293473e+00  +4.490148e+00  +1.100000e+00
-1.546128e+02  +6.962110e+01  +3.805344e+01  0001     TA-B21K-  +6.174276e-01  +5.721500e+00  +1.889177e+00  +2.100000e+00
-1.544838e+02  +6.081320e+01  +3.515267e+01  0045     TA-N19K-  +1.214139e-01  +1.372759e+00  +1.042104e+00  +2.100000e+00
-1.544783e+02  +6.479620e+01  +3.408397e+01  0004     TA-I20K-  +2.793936e-02  +1.482059e+00  +1.299042e+00  +2.100000e+00
-1.544524e+02  +5.756650e+01  +4.248092e+01  0012     TA-R18K-  +4.543921e+00  -8.411222e+00  +1.615293e+00  +1.100000e+00
-1.543915e+02  +6.190370e+01  +4.248092e+01  0045     TA-M19K-  +7.020159e-01  -7.272187e+00  +1.268600e+00  +2.100000e+00
-1.543201e+02  +6.019520e+01  +3.805344e+01  0045     TA-O19K-  +2.625216e-02  -2.371450e+00  +2.022337e+00  +2.100000e+00
-1.541842e+02  +5.655930e+01  +3.390771e+01  0038      AK-SII-  +8.033315e-02  +2.686331e+00  +1.532381e+00  +2.100000e+00
-1.541467e+02  +6.417670e+01  +3.713741e+01  0053     TA-J20K-  +2.658626e-01  -2.596850e+00  +1.455677e+00  +2.100000e+00
-1.540700e+02  +6.335690e+01  +3.448105e+01  0087     TA-K20K-  +5.737739e-02  +1.771094e+00  +1.185790e+00  +2.100000e+00
-1.539721e+02  +6.844140e+01  +5.087786e+01  0021     TA-E21K-  +1.291177e+00  -5.706812e+00  +4.758707e+00  +1.100000e+00
-1.538798e+02  +6.247870e+01  +3.445802e+01  0082     TA-L20K-  +1.388779e+00  +3.271313e+00  +2.057091e+00  +2.100000e+00
-1.536446e+02  +5.892870e+01  +2.874046e+01  0008     TA-Q19K-  +1.514371e-01  +5.051693e+00  +4.083220e+00  +1.100000e+00
-1.535058e+02  +6.651560e+01  +4.003817e+01  0038     TA-G21K-  +2.515258e-01  -3.212774e+00  +2.418290e+00  +2.100000e+00
-1.534830e+02  +6.722210e+01  +4.309160e+01  0045     TA-F21K-  +7.253545e-02  -1.823847e+00  +4.656697e+00  +1.100000e+00
-1.534447e+02  +5.936260e+01  +2.993575e+01  0009     AV-AUCH-  +4.992717e-02  +2.271893e+00  +3.447055e+00  +1.100000e+00
-1.534227e+02  +5.933950e+01  +2.070678e+01  0024     AV-AUJA-  +5.551890e+00  +1.244282e+01  +4.110603e+00  +1.000000e-01
-1.534196e+02  +7.034000e+01  +2.767176e+01  0001     TA-B22K-  +1.004833e-01  +1.254236e+01  +2.695549e+00  +1.100000e+00
-1.533573e+02  +5.933702e+01  +2.316005e+01  0013     AV-AU22-  +3.464395e+00  +9.746685e+00  +4.192201e+00  +1.000000e-01
-1.532875e+02  +5.722250e+01  +3.542640e+01  0204     AT-OHAK-  +5.244954e-02  +2.470038e+00  +1.429136e+00  +2.100000e+00
-1.532319e+02  +5.965240e+01  +2.812977e+01  0012     TA-P19K-  +1.342404e-01  +5.051990e+00  +4.103261e+00  +1.100000e+00
-1.531318e+02  +6.188230e+01  +3.896947e+01  0047     TA-M20K-  +3.380408e-01  -3.309271e+00  +3.668147e+00  +1.100000e+00
-1.529293e+02  +6.056210e+01  +4.196846e+01  0010    AV-NCT-00  +1.692102e+00  -4.249037e+00  +9.338824e-01  +2.100000e+00
-1.528425e+02  +6.048750e+01  +4.185164e+01  0010     AV-RDWB-  +1.701021e+00  -4.058670e+00  +9.404958e-01  +2.100000e+00
-1.528058e+02  +6.059050e+01  +4.115070e+01  0068     AV-RDJH-  +8.552166e-02  -3.207715e+00  +1.004779e+00  +2.100000e+00
-1.528050e+02  +6.565710e+01  +3.393130e+01  0052     TA-H21K-  +7.261038e-03  +1.249354e+00  +1.350875e+00  +2.100000e+00
-1.527742e+02  +6.041960e+01  +3.893107e+01  0023    AV-RED-00  +1.947686e-03  -9.587171e-01  +1.013506e+00  +2.100000e+00
-1.527430e+02  +6.045360e+01  +4.009930e+01  0010     AV-RDSO-  +2.788467e-01  -2.094375e+00  +1.016192e+00  +2.100000e+00
-1.526883e+02  +6.059120e+01  +3.507594e+01  0021     AV-RDDF-  +1.507867e+00  +3.554513e+00  +1.399119e+00  +2.100000e+00
-1.526821e+02  +6.887990e+01  +5.118321e+01  0028     TA-D22K-  +5.687040e-01  -6.500963e+00  +4.616064e+00  +1.100000e+00
-1.526240e+02  +6.008150e+01  +3.636098e+01  0020     TA-O20K-  +4.662003e-03  +1.678843e-01  +1.137738e+00  +2.100000e+00
-1.525835e+02  +5.778280e+01  +4.009930e+01  0418   II-KDAK-10  +2.618270e-02  +1.625618e-01  +3.707995e+00  +1.100000e+00
-1.523942e+02  +5.860970e+01  +5.545802e+01  0026     TA-Q20K-  +1.446738e+01  -2.153379e+01  +2.190914e+00  +1.000000e-01
-1.523722e+02  +6.125910e+01  +2.444509e+01  0078     AV-SPBG-  +1.108104e+01  +1.400654e+01  +1.227062e+00  +1.000000e-01
-1.523172e+02  +6.388220e+01  +2.970210e+01  0147     AK-CHUM-  +2.345579e+00  +4.776908e+00  +3.407718e+00  +1.000000e-01
-1.522091e+02  +6.120030e+01  +3.974883e+01  0048     AV-SPCR-  +1.152363e+00  -3.001487e+00  +1.029380e+00  +2.100000e+00
-1.522089e+02  +6.120010e+01  +4.339695e+01  0039     TA-N20K-  +4.991611e+00  -7.098399e+00  +1.287986e+00  +1.100000e+00
-1.521894e+02  +6.289620e+01  +4.500584e+01  0250     AK-PPLA-  +2.873429e+00  -9.904873e+00  +1.283741e+00  +1.100000e+00
-1.521790e+02  +6.750760e+01  +4.996183e+01  0035     TA-F22K-  +3.806648e+00  -8.022787e+00  +4.244015e+00  +1.000000e-01
-1.520844e+02  +6.341880e+01  +3.414135e+01  0151     AK-CAST-  +1.329939e-02  +1.250115e+00  +1.111740e+00  +2.100000e+00
-1.520228e+02  +6.129130e+01  +3.507594e+01  0036     AV-SPCG-  +2.187085e-01  +2.381128e+00  +1.229207e+00  +2.100000e+00
-1.519822e+02  +6.518000e+01  +3.075727e+01  0078     TA-I21K-  +1.731670e+00  +3.269065e+00  +3.470239e+00  +1.100000e+00
-1.518132e+02  +6.813430e+01  +4.599237e+01  0045     TA-E22K-  +1.751887e-03  -3.607877e-01  +2.992555e+00  +2.100000e+00
-1.516515e+02  +5.965720e+01  +2.374416e+01  0076      AK-HOM-  +8.531844e+00  +1.640629e+01  +2.455659e+00  +1.000000e-01
-1.515317e+02  +6.198000e+01  +3.215537e+01  0075      AK-SKN-  +5.661530e-02  +4.662556e+00  +1.732186e+00  +2.100000e+00
-1.515073e+02  +6.692140e+01  +3.866412e+01  0036     TA-G22K-  +7.531748e-03  +1.252981e+00  +2.729927e+00  +2.100000e+00
-1.513773e+02  +6.589370e+01  +3.469466e+01  0050     TA-H22K-  +3.385082e-03  +4.778659e-02  +1.111803e+00  +2.100000e+00
-1.509873e+02  +6.409970e+01  +3.005257e+01  0421     AK-BPAW-  +1.193539e-01  +2.777482e+00  +3.535032e+00  +1.100000e+00
-1.509233e+02  +6.355270e+01  +3.157126e+01  0333      AK-KTH-  +3.648216e+00  +4.441772e+00  +4.908304e-01  +1.100000e+00
-1.509063e+02  +5.975110e+01  +5.330023e+01  0176     AK-BRLK-  +1.383525e+01  -1.719797e+01  +4.855279e+00  +1.000000e-01
-1.508543e+02  +6.346211e+01  +3.495911e+01  0060    XE-WON-01  +1.887500e-01  +1.133408e+00  +7.833013e-01  +2.100000e+00
-1.508039e+02  +6.252771e+01  +3.203855e+01  0049    XE-PVW-01  +2.130857e+00  +5.651460e+00  +1.010956e+00  +1.100000e+00
-1.507467e+02  +6.146360e+01  +3.040304e+01  0143      AK-SSN-  +1.471696e+00  +9.193389e+00  +1.667476e+00  +1.100000e+00
-1.507442e+02  +6.503040e+01  +3.332360e+01  0192      AK-MLY-  +3.497556e-03  -1.047626e+00  +2.007805e+00  +2.100000e+00
-1.507414e+02  +5.974170e+01  +3.437500e+01  0030     AK-BRSE-  +3.850200e-01  +6.299128e+00  +2.728847e+00  +2.100000e+00
-1.506807e+02  +6.896560e+01  +4.935115e+01  0032     TA-D23K-  +2.981856e-01  -6.741009e+00  +4.416486e+00  +1.100000e+00
-1.506710e+02  +6.671920e+01  +3.484229e+01  0109    XR-GBN-01  +7.456340e-01  +2.672899e+00  +6.419657e-01  +2.100000e+00
-1.504617e+02  +6.048320e+01  +5.633762e+01  0031     YV-LSKI-  +5.620074e-02  -1.321758e+01  +6.110081e+00  +1.100000e+00
-1.502893e+02  +6.345020e+01  +4.033294e+01  0268      AK-TRF-  +2.153764e+00  -3.951218e+00  +6.091021e-01  +1.100000e+00
-1.502635e+02  +6.620660e+01  +3.472547e+01  0072    XR-CBM-01  +2.515774e-03  +1.357374e-02  +1.061417e+00  +2.100000e+00
-1.502625e+02  +6.240580e+01  +3.519276e+01  0028      AK-CUT-  +1.181815e-01  +2.299981e+00  +1.197693e+00  +2.100000e+00
-1.502318e+02  +6.268925e+01  +4.196846e+01  0129    XE-BYR-01  +2.988245e+00  -4.841723e+00  +1.172179e+00  +1.100000e+00
-1.502231e+02  +6.051170e+01  +5.201519e+01  0106      AK-SLK-  +7.088774e-02  -8.270347e+00  +6.158460e+00  +1.100000e+00
-1.502039e+02  +6.256044e+01  +3.530958e+01  0021   XE-WOLF-01  +1.441590e-01  +2.366903e+00  +8.309225e-01  +2.100000e+00
-1.502038e+02  +6.722690e+01  +3.659463e+01  0461     AK-COLD-  +5.048560e-01  +3.353991e+00  +1.134850e+00  +2.100000e+00
-1.501999e+02  +6.346859e+01  +3.484229e+01  0024    XE-SBL-01  +7.340464e-01  +2.178109e+00  +9.802442e-01  +2.100000e+00
-1.501900e+02  +6.046010e+01  +4.862734e+01  0043     YV-USKI-  +3.107620e-02  -4.721154e+00  +6.100032e+00  +1.100000e+00
-1.501100e+02  +6.738120e+01  +3.998248e+01  0102    XR-WSM-01  +2.929791e-02  +4.733690e-01  +1.225584e+00  +2.100000e+00
-1.500609e+02  +6.214996e+01  +3.145444e+01  0121   XE-TLKY-01  +1.309240e+00  +7.199824e+00  +1.569533e+00  +2.100000e+00
-1.500316e+02  +6.048810e+01  +4.745911e+01  0079     YV-RUSS-  +2.288921e-02  -3.269665e+00  +4.276852e+00  +1.100000e+00
-1.500294e+02  +6.169540e+01  +2.724883e+01  0079     YV-NANC-  +8.051492e+00  +1.394957e+01  +1.816575e+00  +1.000000e-01
-1.500239e+02  +6.671080e+01  +3.515267e+01  0049     TA-G23K-  +7.213737e-02  +1.653941e+00  +7.424635e-01  +2.100000e+00
-1.499307e+02  +6.476530e+01  +2.865070e+01  0030     XV-F8KN-  +1.248363e+00  +3.304276e+00  +3.391706e+00  +1.100000e+00
-1.498648e+02  +6.286026e+01  +3.904790e+01  0052    XE-MHR-01  +2.202501e-02  -1.258002e+00  +1.056319e+00  +2.100000e+00
-1.498256e+02  +6.485370e+01  +3.227220e+01  0018     XV-F7TV-  +1.372906e-03  -5.365660e-01  +1.994846e+00  +2.100000e+00
-1.498236e+02  +6.785160e+01  +4.220210e+01  0066    XR-BMQ-01  +2.593775e-03  +2.182768e-01  +1.653748e+00  +2.100000e+00
-1.498174e+02  +6.159190e+01  +5.575350e+01  0017     YV-BIGB-  +1.336484e+01  -1.668056e+01  +3.990555e+00  +1.000000e-01
-1.497814e+02  +6.355808e+01  +4.278621e+01  0034    XE-EFS-01  +3.377370e+00  -6.279791e+00  +7.717709e-01  +1.100000e+00
-1.497697e+02  +5.983510e+01  +3.787967e+01  0022     YV-HOLG-  +3.294241e-02  +3.400469e+00  +2.790911e+00  +2.100000e+00
-1.497390e+02  +6.108890e+01  +2.771612e+01  0396     AK-RC01-  +9.163765e+00  +1.748032e+01  +4.509039e+00  +1.000000e-01
-1.497241e+02  +6.048140e+01  +4.568702e+01  0012     TA-O22K-  +1.972976e-03  -1.981236e+00  +3.362520e+00  +1.100000e+00
-1.497117e+02  +6.290935e+01  +4.220210e+01  0011    XE-PYY-01  +2.289222e+00  -4.464122e+00  +8.808190e-01  +1.100000e+00
-1.496163e+02  +6.805840e+01  +4.156488e+01  0046     TA-E23K-  +4.878065e-02  +1.353116e+00  +1.764772e+00  +2.100000e+00
-1.496064e+02  +6.299908e+01  +3.706192e+01  0126   XE-HURN-01  +2.443192e-03  +1.161203e+00  +1.132387e+00  +2.100000e+00
-1.495977e+02  +6.087380e+01  +5.820678e+01  0068     YV-HOPE-  +2.889502e+00  -1.508978e+01  +5.043742e+00  +1.000000e-01
-1.495941e+02  +6.055080e+01  +5.108061e+01  0088     YV-DEVL-  +3.575805e-01  -8.036687e+00  +4.942201e+00  +1.100000e+00
-1.495900e+02  +6.862740e+01  +4.792640e+01  0099    XR-TFS-01  +3.102592e+00  -5.783615e+00  +4.075973e+00  +1.000000e-01
-1.495817e+02  +6.807890e+01  +5.131425e+01  0090    XR-CHS-01  +8.016491e+00  -9.808218e+00  +4.012430e+00  +1.000000e-01
-1.495724e+02  +6.864080e+01  +4.769276e+01  0205      TA-TOLK  +2.971020e+00  -5.580910e+00  +4.066391e+00  +1.000000e-01
-1.495454e+02  +6.134270e+01  +4.769276e+01  0054     YV-MCDC-  +6.666838e-02  -4.970453e+00  +4.955885e+00  +1.100000e+00
-1.495432e+02  +6.582510e+01  +3.199720e+01  0070     TA-H23K-  +7.507561e-02  +1.603677e+00  +1.096645e+00  +2.100000e+00
-1.495429e+02  +6.582500e+01  +3.180491e+01  0070    XR-YRT-01  +4.412973e-01  +1.836343e+00  +1.074740e+00  +2.100000e+00
-1.495397e+02  +6.124480e+01  +5.376752e+01  0082     YV-ALPI-  +9.909118e-02  -1.116575e+01  +4.926477e+00  +1.100000e+00
-1.494979e+02  +6.100100e+01  +6.030958e+01  0045     YV-INDI-  +2.449903e-01  -1.752435e+01  +4.965101e+00  +1.100000e+00
-1.494810e+02  +6.067170e+01  +4.722547e+01  0055     YV-LSUM-  +4.121320e-02  -3.644937e+00  +3.068730e+00  +1.100000e+00
-1.494526e+02  +6.010430e+01  +5.189836e+01  0077      AK-SWD-  +6.914086e+00  -1.136582e+01  +4.109497e+00  +1.000000e-01
-1.494255e+02  +6.077600e+01  +4.196846e+01  0064     YV-HOPJ-  +2.447354e-03  +2.071845e+00  +3.327402e+00  +1.100000e+00
-1.494095e+02  +6.000840e+01  +4.278621e+01  0059     YV-HEAD-  +1.216979e-02  -1.502373e+00  +2.149163e+00  +2.100000e+00
-1.493739e+02  +6.047540e+01  +4.033294e+01  0031     YV-MOOP-  +1.381235e-02  +2.765026e+00  +2.662804e+00  +2.100000e+00
-1.493603e+02  +6.514790e+01  +3.215537e+01  0062     TA-I23K-  +2.805432e-02  -3.925066e-02  +1.716626e+00  +2.100000e+00
-1.493559e+02  +6.025640e+01  +4.103388e+01  0025     YV-DIVI-  +7.589692e-02  +1.378269e+00  +2.325487e+00  +2.100000e+00
-1.493468e+02  +6.037550e+01  +3.495911e+01  0061     YV-AVAL-  +1.878589e+00  +8.159597e+00  +2.664981e+00  +2.100000e+00
-1.492993e+02  +6.417022e+01  +2.865070e+01  0007    XE-SOB-01  +1.800146e+00  +4.777419e+00  +3.276020e+00  +1.100000e+00
-1.492991e+02  +6.417320e+01  +3.028621e+01  0029      AK-BWN-  +5.666124e-02  +3.290576e+00  +1.287656e+00  +2.100000e+00
-1.492705e+02  +6.322863e+01  +4.068341e+01  0057    XE-GOO-01  +3.132483e-03  -2.380417e+00  +1.413617e+00  +2.100000e+00
-1.491872e+02  +6.080450e+01  +5.061332e+01  0060     YV-TUPA-  +1.388290e+00  -7.969517e+00  +4.668246e+00  +1.100000e+00
-1.491308e+02  +6.159220e+01  +4.313668e+01  0441      AT-PMR-  +1.924705e-02  -7.494830e-02  +2.812706e+00  +2.100000e+00
-1.491212e+02  +6.393914e+01  +3.495911e+01  0006    XE-SLT-01  +1.639184e-03  -1.249001e-01  +9.261139e-01  +2.100000e+00
-1.490992e+02  +6.461300e+01  +3.063668e+01  0038     XV-FPAP-  +1.467793e-02  +8.448488e-01  +2.231654e+00  +2.100000e+00
-1.490831e+02  +6.454980e+01  +2.946846e+01  0009     XV-FAPT-  +2.210543e-02  +2.244193e+00  +2.121930e+00  +2.100000e+00
-1.490706e+02  +6.459220e+01  +2.654790e+01  0038      AK-NEA-  +2.510924e+00  +5.016089e+00  +3.479087e+00  +1.000000e-01
-1.489780e+02  +6.383446e+01  +3.273949e+01  0041    XE-GNR-01  +7.331927e-01  +3.115208e+00  +8.400380e-01  +2.100000e+00
-1.489373e+02  +6.373180e+01  +4.126752e+01  0230      AK-MCK-  +2.539195e+00  -5.058675e+00  +8.985789e-01  +1.100000e+00
-1.489260e+02  +6.177100e+01  +5.108061e+01  0105      AK-GHO-  +6.658948e+00  -1.037540e+01  +4.268757e+00  +1.000000e-01
-1.488778e+02  +6.341572e+01  +4.266939e+01  0009   XE-RNDN-01  +6.038999e-01  -4.353917e+00  +1.728997e+00  +2.100000e+00
-1.488676e+02  +6.338958e+01  +4.430491e+01  0014   XE-RNDS-01  +2.379477e+00  -5.980877e+00  +1.687128e+00  +1.100000e+00
-1.488674e+02  +6.340144e+01  +4.173481e+01  0018   XE-RNDR-01  +2.031617e-03  -3.337042e+00  +1.766589e+00  +2.100000e+00
-1.488602e+02  +6.340560e+01  +4.196846e+01  0221      AK-RND-  +3.097448e-02  -3.588127e+00  +1.761755e+00  +2.100000e+00
-1.488551e+02  +6.340153e+01  +4.103388e+01  0018   XE-RND5-01  +3.724778e-02  -2.602782e+00  +1.793739e+00  +2.100000e+00
-1.488476e+02  +6.283310e+01  +3.776285e+01  0088     AK-WAT7-  +7.601772e-04  +3.734468e-01  +7.835725e-01  +2.100000e+00
-1.488360e+02  +6.902230e+01  +3.133762e+01  0085    XR-ICT-01  +6.522427e+00  +1.029746e+01  +1.069287e+00  +1.000000e-01
-1.488279e+02  +6.469170e+01  +2.678154e+01  0029     XV-FTGH-  +1.967872e+00  +4.592537e+00  +3.501235e+00  +1.100000e+00
-1.488233e+02  +6.915320e+01  +3.774809e+01  0016     TA-D24K-  +5.931672e-03  +2.649533e+00  +1.135468e+00  +2.100000e+00
-1.488150e+02  +6.340031e+01  +4.535631e+01  0025   XE-RNDE-01  +3.294891e+00  -7.391468e+00  +3.859459e+00  +1.000000e-01
-1.488049e+02  +6.350671e+01  +3.694509e+01  0019    XE-SLM-01  +8.925704e-03  +1.247263e+00  +1.771184e+00  +2.100000e+00
-1.487749e+02  +6.365589e+01  +3.811332e+01  0061    XE-YAN-01  +2.072654e-02  -1.030804e+00  +1.202061e+00  +2.100000e+00
-1.487009e+02  +6.972000e+01  +3.484733e+01  0015     TA-C24K-  +9.377170e-02  +3.760686e+00  +2.076861e+00  +2.100000e+00
-1.486985e+02  +6.971620e+01  +3.507594e+01  0080    XR-FRB-01  +8.811911e-02  +3.499632e+00  +2.088388e+00  +2.100000e+00
-1.486940e+02  +6.942400e+01  +3.495911e+01  0109    XR-SAG-01  +1.206998e+00  +4.574037e+00  +1.445642e+00  +2.100000e+00
-1.486238e+02  +6.078660e+01  +3.075351e+01  0029     YV-WHIT-  +6.106652e+00  +1.182208e+01  +2.198787e+00  +1.000000e-01
-1.485855e+02  +6.296280e+01  +3.776285e+01  0077     AK-WAT2-  +1.277565e-03  +4.404531e-01  +7.832752e-01  +2.100000e+00
-1.485514e+02  +6.552200e+01  +3.472547e+01  0036    XR-LVG-01  +4.269204e-01  -2.192253e+00  +1.390767e+00  +2.100000e+00
-1.485509e+02  +6.282950e+01  +3.706192e+01  0086     AK-WAT1-  +5.372953e-03  +1.047306e+00  +8.467892e-01  +2.100000e+00
-1.485377e+02  +6.268120e+01  +3.566005e+01  0042     AK-WAT3-  +6.131171e-01  +2.627295e+00  +1.089965e+00  +2.100000e+00
-1.485113e+02  +6.551140e+01  +3.297313e+01  0084    XR-LMW-01  +3.245938e-02  -2.134880e-01  +1.280949e+00  +2.100000e+00
-1.484868e+02  +6.807480e+01  +4.248092e+01  0035     TA-E24K-  +1.370789e-02  -1.211506e+00  +1.262300e+00  +2.100000e+00
-1.484585e+02  +6.141310e+01  +5.937500e+01  0137      AK-KNK-  +5.919508e+00  -1.787833e+01  +4.849489e+00  +1.000000e-01
-1.484171e+02  +6.077460e+01  +4.185164e+01  0078     YV-BLAK-  +1.877767e-02  -7.297079e-01  +1.841316e+00  +2.100000e+00
-1.483829e+02  +6.337340e+01  +4.453855e+01  0078    XE-DH1-01  +5.971948e-02  -6.370744e+00  +1.679698e+00  +2.100000e+00
-1.483334e+02  +6.085840e+01  +2.993575e+01  0118      AK-PWL-  +6.929785e+00  +1.262800e+01  +2.342277e+00  +1.000000e-01
-1.483316e+02  +6.180700e+01  +3.098715e+01  0196      AK-SAW-  +5.861253e+00  +1.306347e+01  +2.996176e+00  +1.000000e-01
-1.482319e+02  +6.496020e+01  +2.946846e+01  0239      AK-MDM-  +4.653392e-01  +2.485547e+00  +1.690488e+00  +2.100000e+00
-1.482286e+02  +6.306240e+01  +3.951519e+01  0056     AK-WAT5-  +1.254736e-03  -1.465585e+00  +8.924993e-01  +2.100000e+00
-1.480916e+02  +6.447150e+01  +3.075351e+01  0215      AK-WRH-  +6.638664e-02  +1.469950e+00  +2.006702e+00  +2.100000e+00
-1.480914e+02  +6.051830e+01  +3.986565e+01  0024     YV-MAIN-  +1.437155e-02  +1.192479e+00  +2.522535e+00  +2.100000e+00
-1.479534e+02  +6.070980e+01  +4.851051e+01  0054     YV-PERI-  +6.050934e+00  -9.222423e+00  +3.868345e+00  +1.000000e-01
-1.479421e+02  +6.283490e+01  +3.776285e+01  0082     AK-WAT4-  +2.664191e-03  -1.281418e-01  +1.235104e+00  +2.100000e+00
-1.478871e+02  +6.751870e+01  +3.774809e+01  0045     TA-F24K-  +3.583415e-05  +1.617937e+00  +1.175714e+00  +2.100000e+00
-1.478781e+02  +6.583710e+01  +2.970210e+01  0043     TA-H24K-  +2.585044e+00  +4.407558e+00  +1.254386e+00  +1.100000e+00
-1.478618e+02  +6.487350e+01  +2.958528e+01  0143     TA-TCOL-  +3.451694e-01  +2.429645e+00  +1.684868e+00  +2.100000e+00
-1.478616e+02  +6.487360e+01  +2.970210e+01  0641   IU-COLA-10  +2.146795e-01  +2.304717e+00  +1.689186e+00  +2.100000e+00
-1.478552e+02  +6.326522e+01  +4.675818e+01  0013    XE-DH2-01  +5.533828e+00  -9.626562e+00  +7.947184e-01  +1.100000e+00
-1.478053e+02  +6.464530e+01  +2.736565e+01  0207      AK-CCB-  +1.478191e+00  +4.533564e+00  +3.399842e+00  +1.100000e+00
-1.477400e+02  +6.258080e+01  +2.900117e+01  0143     AK-WAT6-  +5.211157e+00  +1.033570e+01  +1.439391e+00  +1.000000e-01
-1.477262e+02  +6.179290e+01  +4.354962e+01  0025     TA-M23K-  +8.402686e-03  -2.843537e-01  +3.411214e+00  +1.100000e+00
-1.474754e+02  +6.670040e+01  +3.576336e+01  0042     TA-G24K-  +2.165992e-02  -6.121434e-01  +1.515833e+00  +2.100000e+00
-1.474335e+02  +6.511710e+01  +3.286259e+01  0083     TA-POKR-  +2.588042e-02  -4.140357e-01  +1.429312e+00  +2.100000e+00
-1.474332e+02  +6.511730e+01  +3.285631e+01  0090   YE-PIC1-01  +1.931901e-02  -4.065936e-01  +1.428807e+00  +2.100000e+00
-1.474304e+02  +6.511760e+01  +3.297313e+01  0022     YE-PIC4-  +1.416736e-02  -5.311185e-01  +1.431863e+00  +2.100000e+00
-1.474031e+02  +5.999790e+01  +3.744275e+01  0014     TA-P23K-  +2.639110e-02  -2.091783e-01  +1.884177e+00  +2.100000e+00
-1.473999e+02  +6.498780e+01  +3.262266e+01  0034      AK-GLM-  +8.497028e-03  -3.190307e-01  +1.515183e+00  +2.100000e+00
-1.473759e+02  +6.307530e+01  +3.063668e+01  0137      AK-DHY-  +4.741204e+00  +7.325415e+00  +1.014200e+00  +1.100000e+00
-1.473296e+02  +6.183290e+01  +5.995911e+01  0096      AK-SCM-  +1.224470e+01  -2.043516e+01  +4.186242e+00  +1.000000e-01
-1.471438e+02  +6.303449e+01  +3.589369e+01  0057    XE-DH3-01  +1.146254e-02  +1.085085e+00  +1.049335e+00  +2.100000e+00
-1.470959e+02  +6.087920e+01  +4.640771e+01  0094      AK-GLI-  +4.120576e+00  -8.557180e+00  +4.126519e+00  +1.000000e-01
-1.470481e+02  +6.112160e+01  +2.935164e+01  0031      XL-BBB-  +7.529188e+00  +1.423978e+01  +2.892224e+00  +1.000000e-01
-1.469477e+02  +6.440950e+01  +2.958528e+01  0020      AK-HDA-  +1.296884e-02  +3.115414e+00  +3.508616e+00  +1.100000e+00
-1.466436e+02  +6.310329e+01  +3.647780e+01  0027    XE-CZN-01  +2.498386e-03  -1.782544e-01  +1.367686e+00  +2.100000e+00
-1.465035e+02  +6.039600e+01  +2.783294e+01  0045      AK-HIN-  +4.220527e+00  +9.142919e+00  +1.959601e+00  +1.000000e-01
-1.463751e+02  +6.932200e+01  +4.034351e+01  0045     TA-D25K-  +1.081310e-02  -1.176042e+00  +2.088002e+00  +2.100000e+00
-1.459227e+02  +6.149240e+01  +5.785631e+01  0136      AK-KLU-  +5.624676e+00  -1.717671e+01  +4.950161e+00  +1.000000e-01
-1.457784e+02  +6.380360e+01  +3.729008e+01  0001     TA-K24K-  +5.023344e-01  -4.468351e+00  +3.126508e+00  +1.100000e+00
-1.457749e+02  +6.112920e+01  +4.979556e+01  0410      AK-DIV-  +3.095839e-01  -8.946769e+00  +4.933956e+00  +1.100000e+00
-1.457584e+02  +6.341590e+01  +2.316005e+01  0076      AK-THY-  +1.115556e+01  +1.369254e+01  +3.530573e+00  +1.000000e-01
-1.457500e+02  +6.054870e+01  +2.467874e+01  0440     AK-EYAK-  +7.932055e+00  +1.249073e+01  +1.523493e+00  +1.000000e-01
-1.456430e+02  +6.759330e+01  +3.606870e+01  0049     TA-F25K-  +2.797641e-03  +1.152292e+00  +1.232133e+00  +2.100000e+00
-1.455680e+02  +6.812070e+01  +3.958015e+01  0051     TA-E25K-  +3.327279e-01  -2.060954e+00  +1.530747e+00  +2.100000e+00
-1.455246e+02  +6.551740e+01  +3.589369e+01  0105      AK-PPD-  +1.932146e-02  -1.803987e+00  +1.624798e+00  +2.100000e+00
-1.454699e+02  +6.296990e+01  +4.442173e+01  0300      AK-PAX-  +6.931100e-01  -9.145937e+00  +2.124281e+00  +2.100000e+00
-1.453697e+02  +6.461300e+01  +3.515267e+01  0050     TA-J25K-  +2.743130e-02  -5.331589e-01  +1.348768e+00  +2.100000e+00
-1.452082e+02  +6.053410e+01  +4.115070e+01  0042      AK-SGA-  +1.768661e+00  -6.350883e+00  +2.299700e+00  +2.100000e+00
-1.449122e+02  +6.991750e+01  +4.217557e+01  0006     TA-C26K-  +9.737741e-03  -1.622559e+00  +2.461620e+00  +2.100000e+00
-1.448440e+02  +6.374030e+01  +3.472547e+01  0081     AK-RIDG-  +6.078086e-03  -5.654966e-01  +1.665361e+00  +2.100000e+00
-1.447292e+02  +6.058050e+01  +2.993575e+01  0025     AK-GOAT-  +1.906903e+00  +6.366821e+00  +1.537689e+00  +2.100000e+00
-1.446051e+02  +6.096770e+01  +3.472547e+01  0421      AK-BMR-  +1.723893e-01  +3.499293e+00  +1.677464e+00  +2.100000e+00
-1.445982e+02  +6.160610e+01  +2.385496e+01  0042     TA-N25K-  +1.923597e+00  +1.763495e+01  +4.308876e+00  +1.100000e+00
-1.442623e+02  +6.033510e+01  +3.963201e+01  0029      AK-HMT-  +1.124119e+00  -5.752639e+00  +2.579959e+00  +2.100000e+00
-1.441455e+02  +6.769460e+01  +3.438931e+01  0048     TA-F26K-  +2.442958e-02  +1.367117e+00  +1.472051e+00  +2.100000e+00
-1.440697e+02  +6.364820e+01  +3.215537e+01  0264      AK-DOT-  +9.202430e-03  +2.927979e+00  +1.071691e+00  +2.100000e+00
-1.439905e+02  +6.397610e+01  +3.449182e+01  0194     AK-SCRK-  +2.131088e-03  +8.921606e-01  +1.398289e+00  +2.100000e+00
-1.439692e+02  +6.023610e+01  +4.372079e+01  0009     AK-NICH-  +5.572777e+00  -1.083813e+01  +3.047795e+00  +1.000000e-01
-1.438123e+02  +6.144170e+01  +2.888435e+01  0120      AK-GLB-  +7.540272e+00  +1.243273e+01  +2.108420e+00  +1.000000e-01
-1.437848e+02  +6.694980e+01  +3.103053e+01  0040     TA-G26K-  +9.173060e-01  +4.205934e+00  +1.279355e+00  +2.100000e+00
-1.437790e+02  +6.007200e+01  +2.479556e+01  0037     AK-SUCK-  +2.717402e-02  +9.099737e+00  +4.071530e+00  +1.100000e+00
-1.437194e+02  +6.293805e+01  +3.951519e+01  0087     AT-MENT-  +2.211609e+00  -4.944880e+00  +1.622241e+00  +1.100000e+00
-1.437114e+02  +6.962600e+01  +4.522901e+01  0019     TA-C27K-  +2.326613e-01  -5.381296e+00  +4.389877e+00  +1.100000e+00
-1.437038e+02  +6.039230e+01  +2.561332e+01  0024     AK-BERG-  +5.120585e+00  +9.534156e+00  +2.023244e+00  +1.000000e-01
-1.435636e+02  +6.450120e+01  +3.835878e+01  0050     TA-J26L-  +7.420074e-03  -2.781179e+00  +1.505192e+00  +2.100000e+00
-1.434545e+02  +6.122750e+01  +5.773949e+01  0070     AK-VRDI-  +1.554716e+01  -1.945948e+01  +3.741347e+00  +1.000000e-01
-1.433478e+02  +6.302540e+01  +2.996183e+01  0086     TA-L26K-  +2.946552e+00  +6.596339e+00  +9.512757e-01  +1.100000e+00
-1.433210e+02  +6.028050e+01  +2.094042e+01  0046     AK-GRIN-  +8.960154e+00  +1.395190e+01  +3.792124e+00  +1.000000e-01
-1.432841e+02  +6.012050e+01  +2.409463e+01  0018     AK-BGLC-  +2.641471e+00  +1.003507e+01  +3.982203e+00  +1.000000e-01
-1.432510e+02  +6.044270e+01  +2.280958e+01  0068     AK-KHIT-  +1.004372e+01  +1.337083e+01  +1.604659e+00  +1.000000e-01
-1.431541e+02  +6.530640e+01  +3.164122e+01  0045     TA-I26K-  +1.714312e+00  +5.122961e+00  +1.426710e+00  +2.100000e+00
-1.430926e+02  +6.075230e+01  +2.713201e+01  0075      AK-CRQ-  +9.423130e+00  +1.166142e+01  +8.764432e-01  +1.000000e-01
-1.430240e+02  +6.138360e+01  +5.400117e+01  0040     AK-MCAR-  +5.979417e+00  -1.381334e+01  +4.272430e+00  +1.000000e-01
-1.429963e+02  +6.240130e+01  +3.469466e+01  0041     TA-M26K-  +4.897736e-02  +2.630648e+00  +1.777191e+00  +2.100000e+00
-1.428529e+02  +6.044800e+01  +4.056659e+01  0064      AK-WAX-  +1.577685e+00  -4.295689e+00  +1.555888e+00  +2.100000e+00
-1.428391e+02  +6.017900e+01  +2.316005e+01  0039      AK-SSP-  +6.489381e+00  +1.243843e+01  +1.924736e+00  +1.000000e-01
-1.428292e+02  +6.075410e+01  +5.189836e+01  0069      AK-TGL-  +1.153116e+01  -1.348982e+01  +9.378033e-01  +1.000000e-01
-1.427234e+02  +6.024740e+01  +4.418808e+01  0034     AK-KULT-  +5.635675e+00  -9.019962e+00  +2.183527e+00  +1.100000e+00
-1.424931e+02  +6.040300e+01  +2.981893e+01  0010     AK-BARK-  +5.028352e+00  +7.791463e+00  +9.244439e-01  +1.000000e-01
-1.424672e+02  +6.118710e+01  +5.622079e+01  0090     AK-PTPK-  +7.508841e+00  -1.491621e+01  +4.570386e+00  +1.000000e-01
-1.423605e+02  +6.092310e+01  +5.808995e+01  0075     AK-KIAG-  +1.273469e+01  -1.762732e+01  +4.101755e+00  +1.000000e-01
-1.423462e+02  +6.103600e+01  +4.687500e+01  0197      AK-BAL-  +3.118567e-02  -4.647344e+00  +2.754005e+00  +2.100000e+00
-1.423406e+02  +6.060240e+01  +3.005257e+01  0028     AK-ISLE-  +4.971649e+00  +9.629556e+00  +1.305369e+00  +1.000000e-01
-1.420915e+02  +6.048960e+01  +2.876752e+01  0030     AK-BAGL-  +7.161704e+00  +1.079097e+01  +1.111402e+00  +1.000000e-01
-1.420758e+02  +6.402920e+01  +4.003817e+01  0048     TA-K27K-  +7.268695e-01  -4.296843e+00  +1.222958e+00  +2.100000e+00
-1.419505e+02  +6.017850e+01  +3.869743e+01  0040     AK-MESA-  +1.081335e-02  -8.332611e-01  +9.735501e-01  +2.100000e+00
-1.418780e+02  +6.235790e+01  +3.515267e+01  0029     TA-M27K-  +2.544097e-02  +2.701202e+00  +1.385574e+00  +2.100000e+00
-1.418275e+02  +6.306180e+01  +3.075351e+01  0071     TA-L27K-  +9.830023e-02  +5.423027e+00  +2.031147e+00  +2.100000e+00
-1.417558e+02  +6.073150e+01  +3.472547e+01  0040     AK-GRNC-  +2.357348e+00  +7.508527e+00  +2.254016e+00  +1.100000e+00
-1.417510e+02  +6.035830e+01  +4.126752e+01  0054      AK-YAH-  +4.524653e-01  -2.089012e+00  +9.205861e-01  +2.100000e+00
-1.416622e+02  +6.105950e+01  +4.558995e+01  0070     AK-BARN-  +6.964441e-02  -2.389979e+00  +3.047712e+00  +1.100000e+00
-1.416549e+02  +6.680880e+01  +3.408397e+01  0031     TA-G27K-  +1.720370e-02  -8.651537e-02  +2.126678e+00  +2.100000e+00
-1.416153e+02  +6.560350e+01  +3.637405e+01  0043     TA-I27K-  +7.234701e-03  +6.443535e-02  +2.330842e+00  +2.100000e+00
-1.415951e+02  +6.818610e+01  +3.179389e+01  0041     TA-E27K-  +6.997437e-03  +3.851564e+00  +2.579800e+00  +2.100000e+00
-1.415498e+02  +6.022350e+01  +3.647780e+01  0032     XF-KAVU-  +5.978684e-01  +2.833580e+00  +8.867676e-01  +2.100000e+00
-1.415265e+02  +6.623050e+01  +3.893234e+01  0070     TA-H27K-  +6.118322e-01  -4.672620e+00  +1.629084e+00  +2.100000e+00
-1.414543e+02  +6.021760e+01  +3.308995e+01  0012     XF-STEW-  +4.001222e+00  +6.580327e+00  +1.013655e+00  +1.100000e+00
-1.414059e+02  +6.015560e+01  +4.418808e+01  0036     XF-BOOM-  +3.108330e+00  -5.246818e+00  +9.201365e-01  +1.100000e+00
-1.413858e+02  +6.017200e+01  +4.967874e+01  0041     XF-DOST-  +9.126937e+00  -1.091275e+01  +8.285710e-01  +1.100000e+00
-1.413727e+02  +6.012980e+01  +4.068341e+01  0015     XF-TRIP-  +3.117438e-02  -1.592959e+00  +1.002507e+00  +2.100000e+00
-1.413479e+02  +6.015920e+01  +3.624416e+01  0043     XF-LUPN-  +8.443822e-01  +3.241044e+00  +1.047332e+00  +2.100000e+00
-1.413478e+02  +6.029940e+01  +4.687500e+01  0041     AK-RKAV-  +5.754060e+00  -7.295407e+00  +8.944740e-01  +1.100000e+00
-1.413401e+02  +6.096490e+01  +4.570678e+01  0162      AK-CTG-  +8.681386e-03  -2.715214e+00  +2.722490e+00  +2.100000e+00
-1.411581e+02  +6.477740e+01  +3.904790e+01  0213   US-EGAK-00  +2.968691e-03  -1.872389e+00  +1.334901e+00  +2.100000e+00
-1.411443e+02  +6.043990e+01  +5.423481e+01  0051     AK-TABL-  +1.065520e+01  -1.424495e+01  +3.875979e+00  +1.000000e-01
-1.409648e+02  +6.924300e+01  +4.874046e+01  0027     TA-D27M-  +5.938983e+00  -1.054827e+01  +1.817137e+00  +1.100000e+00
-1.408606e+02  +6.241410e+01  +3.414135e+01  0009     CN-BVCY-  +6.220842e-01  +4.225196e+00  +1.407012e+00  +2.100000e+00
-1.408426e+02  +6.176680e+01  +4.442173e+01  0016     CN-YUK2-  +6.395205e-03  -3.460758e+00  +2.044003e+00  +2.100000e+00
-1.404595e+02  +6.177550e+01  +4.594042e+01  0003     CN-YUK3-  +6.598476e-02  -5.454429e+00  +1.950521e+00  +2.100000e+00
-1.402525e+02  +6.009590e+01  +4.453855e+01  0051      AK-PIN-  +3.990771e-01  -4.657742e+00  +1.142146e+00  +2.100000e+00
-1.401906e+02  +6.077180e+01  +5.713741e+01  0020     TA-O28M-  +1.048779e+01  -1.620701e+01  +4.114740e+00  +1.000000e-01
-1.399355e+02  +6.544830e+01  +4.064885e+01  0031     TA-I28M-  +2.337935e+00  -4.828345e+00  +1.041210e+00  +1.100000e+00
-1.398717e+02  +6.761360e+01  +2.461832e+01  0030     TA-F28M-  +5.095264e+00  +1.148750e+01  +1.389270e+00  +1.000000e-01
-1.397646e+02  +6.128440e+01  +3.507594e+01  0001     CN-YUK8-  +2.062347e+00  +7.950050e+00  +2.507962e+00  +1.100000e+00
-1.396369e+02  +5.995340e+01  +2.900117e+01  0033      AK-BCP-  +8.213420e+00  +1.165508e+01  +1.303433e+00  +1.000000e-01
-1.395458e+02  +5.997220e+01  +4.266939e+01  0009     YO-TIDE-  +1.542267e-02  -3.203224e+00  +9.287184e-01  +2.100000e+00
-1.395349e+02  +6.860430e+01  +3.744275e+01  0027     TA-E28M-  +9.120476e-03  +9.071850e-01  +2.443448e+00  +2.100000e+00
-1.394036e+02  +5.966590e+01  +3.484229e+01  0140      AK-PNL-  +8.820693e-01  +4.377646e+00  +1.090961e+00  +2.100000e+00
-1.393909e+02  +6.406550e+01  +3.425818e+01  0005     CN-DAWY-  +2.058863e-02  +2.616303e+00  +1.445857e+00  +2.100000e+00
-1.387367e+02  +6.932860e+01  +3.729008e+01  0004     TA-D28M-  +9.520564e-04  +4.668634e+00  +4.143978e+00  +1.100000e+00
-1.385755e+02  +6.030240e+01  +4.858779e+01  0027     TA-O29M-  +7.732529e+00  -9.464355e+00  +3.648808e+00  +1.000000e-01
-1.385463e+02  +6.143480e+01  +3.682827e+01  0004     CN-YUK4-  +2.949784e-01  +3.302612e+00  +9.833733e-01  +2.100000e+00
-1.384624e+02  +6.244350e+01  +3.637405e+01  0041     TA-M29M-  +1.576421e-04  +3.156304e-01  +8.113910e-01  +2.100000e+00
-1.383689e+02  +6.621910e+01  +2.156489e+01  0003     TA-H29M-  +1.384896e+01  +1.713985e+01  +1.496763e+00  +1.000000e-01
-1.383626e+02  +6.094320e+01  +4.757594e+01  0008     CN-YUK6-  +6.138956e+00  -8.353311e+00  +3.709608e+00  +1.000000e-01
-1.383063e+02  +6.536090e+01  +3.866412e+01  0030     TA-I29M-  +3.309688e-01  -2.531492e+00  +1.395233e+00  +2.100000e+00
-1.382164e+02  +6.445250e+01  +4.583969e+01  0015     TA-J29N-  +8.764623e+00  -1.204379e+01  +1.140474e+00  +1.000000e-01
-1.382158e+02  +6.445300e+01  +2.993575e+01  0019     TA-J29M-  +6.201425e+00  +8.245260e+00  +1.479019e+00  +1.000000e-01
-1.382154e+02  +5.909060e+01  +3.612734e+01  0095     AK-DCPH-  +1.003543e-02  +1.124599e+00  +1.279587e+00  +2.100000e+00
-1.381399e+02  +6.053070e+01  +3.530958e+01  0006     CN-YUK7-  +1.864085e+00  +5.143199e+00  +9.270976e-01  +2.100000e+00
-1.381290e+02  +6.310900e+01  +3.408397e+01  0041     TA-L29M-  +1.227200e-02  +1.664899e+00  +1.160939e+00  +2.100000e+00
-1.380223e+02  +6.691160e+01  +4.125954e+01  0019     TA-G29M-  +3.185630e-01  -8.361110e+00  +2.695589e+00  +2.100000e+00
-1.378969e+02  +6.838890e+01  +4.706107e+01  0024     TA-E29M-  +6.191395e+00  -1.096440e+01  +1.683264e+00  +1.100000e+00
-1.378593e+02  +6.113150e+01  +3.449182e+01  0009     CN-YUK5-  +2.671908e+00  +5.724209e+00  +9.155431e-01  +1.100000e+00
-1.377381e+02  +5.963040e+01  +3.787967e+01  0009     TA-P29M-  +1.202613e-02  +6.840008e-01  +6.130744e-01  +2.100000e+00
-1.375201e+02  +6.384330e+01  +3.225191e+01  0015     TA-K29M-  +1.831378e+00  +4.201476e+00  +9.252821e-01  +2.100000e+00
-1.375038e+02  +6.082500e+01  +3.916472e+01  0029      CN-HYT-  +4.823892e-03  +3.801771e-01  +6.808773e-01  +2.100000e+00
-1.370885e+02  +6.145930e+01  +3.787967e+01  0022     TA-N30M-  +5.566832e-03  +4.123000e-01  +6.769572e-01  +2.100000e+00
-1.369598e+02  +6.012180e+01  +3.659463e+01  0024     TA-P30M-  +5.478799e-01  +2.804661e+00  +8.324298e-01  +2.100000e+00
-1.367191e+02  +6.637010e+01  +4.150117e+01  0094     TA-EPYK-  +3.974483e+00  -8.560300e+00  +2.480414e+00  +1.100000e+00
-1.360906e+02  +6.077040e+01  +4.138435e+01  0018     TA-O30N-  +1.061416e+00  -3.616349e+00  +8.975556e-01  +2.100000e+00
-1.357796e+02  +6.148620e+01  +3.636098e+01  0013     TA-N31M-  +3.162148e-03  +2.071600e+00  +1.232096e+00  +2.100000e+00
-1.353290e+02  +5.946010e+01  +4.080023e+01  0281     AT-SKAG-  +2.872763e-02  -4.016087e+00  +1.627630e+00  +2.100000e+00
-1.353244e+02  +5.705690e+01  +2.257594e+01  0153      AT-SIT-  +2.835629e+00  +1.394788e+01  +3.155415e+00  +1.000000e-01
-1.337420e+02  +6.744100e+01  +2.526285e+01  0009     TA-F31M-  +2.969602e+00  +1.471243e+01  +5.492940e+00  +1.000000e-01
-1.337147e+02  +5.958980e+01  +3.203855e+01  0006     TA-P32M-  +1.601879e-01  +7.049902e+00  +3.757557e+00  +1.100000e+00
